0.0 -2.0 0.0 1.0 0.0 0.0 0.0
0.10020040080160321 -1.88072365393 2.35681119182 0.940361826963 -1.17840559591 1.57997504094e-07 1.57997504094e-07
0.20040080160320642 -1.5371200456 4.43251132489 0.7685600228 -2.21625566244 1.94598802694e-07 1.94598802694e-07
0.30060120240480964 -1.01017287622 5.97951744126 0.50508643811 -2.98975872063 1.88234272585e-06 1.88234272585e-06
0.40080160320641284 -0.362736673753 6.81329903119 0.181368336876 -3.40664951559 6.28662082933e-06 6.28662082933e-06
0.501002004008016 0.327965162556 6.83441463241 -0.163982581278 -3.4172073162 6.12364944927e-06 6.12364944927e-06
0.6012024048096193 0.979548650636 6.04034526324 -0.489774325318 -3.02017263162 1.7683372377e-06 1.7683372377e-06
0.7014028056112225 1.51429514098 4.52580100587 -0.757147570492 -2.26290050294 1.00812095569e-06 1.00812095569e-06
0.8016032064128257 1.86841944729 2.47143738293 -0.934209723644 -1.23571869146 5.37272461255e-07 5.37272461255e-07
0.9018036072144289 1.9996856466 0.122289186497 -0.999842823301 -0.0611445932486 1.36108120017e-06 1.36108120017e-06
1.002004008016032 1.8924358588 -2.24144368452 -0.9462179294 1.12072184226 2.27783750794e-06 2.27783750794e-06
1.1022044088176353 1.55946280836 -4.33782302452 -0.77973140418 2.16891151226 3.36738202863e-06 3.36738202863e-06
1.2024048096192386 1.04048266178 -5.91680063914 -0.520241330892 2.95840031957 4.97145435038e-06 4.97145435038e-06
1.3026052104208417 0.397397474917 -6.7900416509 -0.198698737459 3.39502082545 1.06648387462e-05 1.06648387462e-05
1.402805611222445 -0.293087751963 -6.85338727198 0.146543875981 3.42669363599 8.87581786627e-06 8.87581786627e-06
1.503006012024048 -0.948613844694 -6.09928316555 0.474306922347 3.04964158278 4.56541577855e-08 4.56541577855e-08
1.6032064128256514 -1.49099189355 -4.61767797291 0.745495946773 2.30883898645 2.07156122246e-06 2.07156122246e-06
1.7034068136272544 -1.85553010538 -2.58529126155 0.927765052688 1.29264563078 2.79227173006e-06 2.79227173006e-06
1.8036072144288577 -1.99874553733 -0.244541942209 0.999372768666 0.122270971105 4.01907590144e-06 4.01907590144e-06
1.9038076152304608 -1.90355783264 2.12537442437 0.95177891632 -1.06268721219 4.94085848008e-06 4.94085848008e-06
2.004008016032064 -1.58131963643 4.24178530972 0.790659818217 -2.12089265486 6.42408283616e-06 6.42408283616e-06
2.1042084168336674 -1.0704671282 5.85224373718 0.535233564101 -2.92612186859 8.88779472462e-06 8.88779472462e-06
2.2044088176352705 -0.431933088041 6.76466769585 0.215966544021 -3.38233384793 1.7458727553e-05 1.7458727553e-05
2.3046092184368736 0.258119773858 6.87022627068 -0.129059886929 -3.43511313534 1.53478013962e-05 1.53478013962e-05
2.404809619238477 0.917385160557 6.15632777072 -0.458692580278 -3.07816388536 1.02841941711e-07 1.02841941711e-07
2.50501002004008 1.46722788041 4.7081229821 -0.733613940207 -2.35406149105 2.60927957808e-06 2.60927957808e-06
2.6052104208416833 1.84206430861 2.69834870151 -0.921032154306 -1.34917435076 4.1093829903e-06 4.1093829903e-06
2.7054108216432864 1.99718522765 0.366725043247 -0.998592613825 -0.183362521623 5.3425240223e-06 5.3425240223e-06
2.80561122244489 1.91408877625 -2.00863929716 -0.957044388124 1.00431964858 6.43552957147e-06 6.43552957147e-06
2.905811623246493 1.60268634791 -4.144419475 -0.801343173956 2.0722097375 7.73072962244e-06 7.73072962244e-06
3.006012024048096 1.10012077421 -5.78586776089 -0.550060387107 2.89293388045 1.00729801985e-05 1.00729801985e-05
3.1062124248496996 0.466336329969 -6.73719467714 -0.233168164985 3.36859733857 1.84602902854e-05 1.84602902854e-05
3.2064128256513027 -0.223070517149 -6.88493098709 0.111535258574 3.44246549355 2.00842033165e-05 2.00842033165e-05
3.306613226452906 -0.885870363619 -6.21145753275 0.44293518181 3.10572876638 9.16460775474e-08 9.16460775474e-08
3.406813627254509 -1.44300736216 -4.79709904883 0.721503681082 2.39854952441 2.65931074383e-06 2.65931074383e-06
3.5070140280561124 -1.82802468956 -2.81056208713 0.914012344779 1.40528104357 5.32417301546e-06 5.32417301546e-06
3.6072144288577155 -1.99500205366 -0.488790313067 0.997501026832 0.244395156534 6.90812714737e-06 6.90812714737e-06
3.7074148296593186 -1.92402222803 1.891281038 0.962011114014 -0.945640519002 8.43464432051e-06 8.43464432051e-06
3.8076152304609217 -1.62355148054 4.04576509223 0.811775740269 -2.02288254612 1.03159512454e-05 1.03159512454e-05
3.907815631262525 -1.12942931541 5.7176827538 0.564714657707 -2.8588413769 1.32082069518e-05 1.32082069518e-05
4.008016032064128 -0.500592922206 6.70761389876 0.250296461103 -3.35380694938 2.19703362935e-05 2.19703362935e-05
4.108216432865731 0.187952299353 6.89748207008 -0.0939761496763 -3.44874103504 2.95405501342e-05 2.95405501342e-05
4.208416833667335 0.854078677072 6.26464065105 -0.427039338536 -3.13232032552 1.26574973984e-06 1.26574973984e-06
4.3086172344689375 1.41833275418 4.88457419251 -0.709166377089 -2.44228709626 5.81536554577e-06 5.81536554577e-06
4.408817635270541 1.81341238241 2.92189373649 -0.906706191204 -1.46094686825 8.22225364485e-06 8.22225364485e-06
4.509018036072145 1.99219404557 0.610701806678 -0.996097022784 -0.305350903339 1.00479128668e-05 1.00479128668e-05
4.609218436873747 1.93335438944 -1.77333061715 -0.966677194721 0.886665308575 1.12952529969e-05 1.12952529969e-05
4.709418837675351 1.6439104358 -3.94584696257 -0.821955217899 1.97292348128 1.29746117045e-05 1.29746117045e-05
4.809619238476954 1.15838634555 -5.64771551488 -0.579193172777 2.82385775744 1.57930467345e-05 1.57930467345e-05
4.909819639278557 0.534693804074 -6.67594246151 -0.267346902037 3.33797123075 2.44888316085e-05 2.44888316085e-05
5.01002004008016 -0.152774961461 -6.90788488816 0.0763874807307 3.45394244408 3.97597872527e-05 3.97597872527e-05
5.110220440881764 -0.822021010043 -6.31587895339 0.411010505022 3.15793947669 2.31514855678e-06 2.31514855678e-06
5.210420841683367 -1.39321929394 -4.97053607751 0.696609646971 2.48526803876 6.82674476819e-06 6.82674476819e-06
5.31062124248497 -1.79823946033 -3.03232067523 0.899119730163 1.51616033762 8.66491279718e-06 8.66491279718e-06
5.410821643286573 -1.98876950305 -0.732426079922 0.994384751525 0.366213039961 1.10372606454e-05 1.10372606454e-05
5.511022044088176 -1.94208656065 1.65483092977 0.971043280326 -0.827415464884 1.28398030442e-05 1.28398030442e-05
5.61122244488978 -1.66375865842 3.84470461707 0.83187932921 -1.92235230854 1.46302464815e-05 1.46302464815e-05
5.7114228456913825 -1.18698255365 5.57599662413 0.593491276824 -2.78799831207 1.8111168439e-05 1.8111168439e-05
5.811623246492986 -0.568626551504 6.64220031993 0.284313275752 -3.32110015996 2.93560123125e-05 2.93560123125e-05
5.9118236472945895 0.117551999559 6.91614187579 -0.0587759997795 -3.45807093789 7.29915576358e-05 7.29915576358e-05
6.012024048096192 0.789709580765 6.36515074333 -0.394854790383 -3.18257537166 4.04000901707e-07 4.04000901707e-07
6.112224448897796 1.36767374163 5.05494440879 -0.683836870814 -2.5274722044 6.35537717439e-06 6.35537717439e-06
6.212424849699399 1.78250500411 3.14180078068 -0.891252502053 -1.57090039034 9.75803686591e-06 9.75803686591e-06
6.312625250501002 1.98472488929 0.853915361343 -0.992362444643 -0.426957680671 1.21853640493e-05 1.21853640493e-05
6.412825651302605 1.95021381436 -1.53582091267 -0.97510690718 0.767910456333 1.42181143087e-05 1.42181143087e-05
6.513026052104208 1.68308797031 -3.74236929186 -0.841543985157 1.87118464593 1.65033227843e-05 1.65033227843e-05
6.613226452905812 1.21520867969 -5.50254168532 -0.607604339845 2.75127084266 2.0469587418e-05 2.0469587418e-05
6.713426853707415 0.602383396731 -6.60638514462 -0.301191698366 3.30319257231 3.15184904597e-05 3.15184904597e-05
6.813627254509018 -0.0822916481894 -6.92224073656 0.0411458240947 3.46112036828 0.000125497255573 0.000125497255573
6.913827655310621 -0.757150963439 -6.4124367889 0.378575481719 3.20621839445 2.31891473804e-07 2.31891473804e-07
7.014028056112225 -1.34169980193 -5.1377788764 0.670849900965 2.5688894382 7.48842492065e-06 7.48842492065e-06
7.114228456913827 -1.76621489993 -3.25030357332 0.883107449965 1.62515178666 1.09632456495e-05 1.09632456495e-05
7.214428857715431 -1.98006220222 -0.975145466144 0.99003110111 0.487572733072 1.31214484519e-05 1.31214484519e-05
7.3146292585170345 -1.95773432173 1.41632543828 0.978867160867 -0.708162719142 1.50735796246e-05 1.50735796246e-05
7.414829659318637 -1.70189460699 3.63886182036 0.850947303495 -1.81943091018 1.72601810919e-05 1.72601810919e-05
7.515030060120241 -1.24305876371 5.4273671219 0.621529381856 -2.71368356095 2.05854094397e-05 2.05854094397e-05
7.615230460921843 -0.635955327776 6.56851442079 0.317977663888 -3.28425721039 2.90374500065e-05 2.90374500065e-05
7.715430861723447 0.0470030335895 6.92619368486 -0.0235015167948 -3.46309684243 0.000201106555587 0.000201106555587
7.81563126252505 0.724355153241 6.45773929703 -0.36217757662 -3.22886964851 7.87621696407e-07 7.87621696407e-07
7.915831663326653 1.31530870484 5.21902755264 -0.657654352419 -2.60951377632 7.93767550342e-06 7.93767550342e-06
8.016032064128256 1.7493767804 3.3578075276 -0.874688390201 -1.6789037638 1.08233011076e-05 1.08233011076e-05
8.11623246492986 1.97478495885 1.09607857405 -0.987392479424 -0.548039287025 1.27994573167e-05 1.27994573167e-05
8.216432865731463 1.9646466441 -1.29638674112 -0.982323322048 0.648193370561 1.49521251616e-05 1.49521251616e-05
8.316633266533065 1.72017187575 -3.53422141281 -0.860085937875 1.7671107064 1.74215310951e-05 1.74215310951e-05
8.41683366733467 1.27052086213 -5.35050385811 -0.635260431063 2.67525192906 2.1175621368e-05 2.1175621368e-05
8.517034068136272 0.669326846091 -6.52859468137 -0.334663423046 3.26429734068 3.01345340966e-05 3.01345340966e-05
8.617234468937875 -0.0117015830858 -6.9279764912 0.00585079154288 3.4639882456 0.00088820141175 0.00088820141175
8.71743486973948 -0.691333891399 -6.50101508244 0.3456669457 3.25050754122 1.49866571178e-06 1.49866571178e-06
8.817635270541082 -1.28850641825 -5.2986339342 0.644253209123 2.6493169671 9.41257037694e-06 9.41257037694e-06
8.917835671342685 -1.73199017507 -3.46424977466 0.865995087535 1.73212488733 1.26001014536e-05 1.26001014536e-05
9.01803607214429 -1.96888770207 -1.21666339681 0.984443851034 0.608331698405 1.48159581213e-05 1.48159581213e-05
9.118236472945892 -1.97094330504 1.17604241847 0.985471652521 -0.588021209237 1.65642927767e-05 1.65642927767e-05
9.218436873747494 -1.73791157283 3.42847583027 0.868955786414 -1.71423791514 1.84493376181e-05 1.84493376181e-05
9.318637274549099 -1.29758668408 5.27197437379 0.648793342042 -2.6359871869 2.20045368736e-05 2.20045368736e-05
9.418837675350701 -0.702490932499 6.48664149679 0.351245466249 -3.24332074839 2.94885505007e-05 2.94885505007e-05
9.519038076152304 -0.0236043882529 6.92760543536 0.0118021941264 -3.46380271768 0.000442098242153 0.000442098242153
9.619238476953909 0.658097265759 6.54226802318 -0.329048632879 -3.27113401159 2.16318599158e-06 2.16318599158e-06
9.719438877755511 1.26130304488 5.37659175624 -0.630651522439 -2.68829587812 1.05917669225e-05 1.05917669225e-05
9.819639278557114 1.71406468753 3.56961230433 -0.857032343765 -1.78480615217 1.39113302653e-05 1.39113302653e-05
9.919839679358718 1.96237731124 1.33686431537 -0.981188655622 -0.668432157687 1.66241977653e-05 1.66241977653e-05
10.02004008016032 1.97662434711 -1.05533991951 -0.988312173557 0.527669959757 1.88802808615e-05 1.88802808615e-05
10.120240480961924 1.75510630964 -3.32166506421 -0.877553154818 1.6608325321 2.13778931578e-05 2.13778931578e-05
10.220440881763528 1.3242451454 -5.19179144365 -0.662122572698 2.59589572182 2.50588275023e-05 2.50588275023e-05
10.32064128256513 0.735432407461 -6.44265520533 -0.36771620373 3.22132760267 3.39220411098e-05 3.39220411098e-05
10.420841683366733 0.0589005342416 -6.92505893085 -0.0294502671208 3.46252946542 0.000220021408995 0.000220021408995
10.521042084168336 -0.624655948919 -6.58146723368 0.312327974459 3.29073361684 2.26990359443e-06 2.26990359443e-06
10.62124248496994 -1.23370526136 -5.45286023645 0.61685263068 2.72643011823 1.2916121171e-05 1.2916121171e-05
10.721442885771543 -1.69560255545 -3.67385488301 0.847801277724 1.83692744151 1.67178267399e-05 1.67178267399e-05
10.821643286573146 -1.95525325706 -1.45664579762 0.97762662853 0.728322898808 1.95315565724e-05 1.95315565724e-05
10.92184368737475 -1.98168804753 0.934306908981 0.990844023765 -0.467153454491 2.18714474565e-05 2.18714474565e-05
11.022044088176353 -1.77175375746 3.21381760162 0.885876878728 -1.60690880081 2.4443685712e-05 2.4443685712e-05
11.122244488977955 -1.35049072788 5.10999411672 0.67524536394 -2.55499705836 2.81431088572e-05 2.81431088572e-05
11.22244488977956 -0.76814557144 6.39666881448 0.38407278572 -3.19833440724 3.68400519098e-05 3.68400519098e-05
11.322645290581162 -0.0941787382738 6.92036763244 0.0470893691369 -3.46018381622 0.000159957787771 0.000159957787771
11.422845691382765 0.591020958688 6.6186284626 -0.295510479344 -3.3093142313 7.15055952688e-07 7.15055952688e-07
11.52304609218437 1.20572560795 5.52744191744 -0.602862803973 -2.76372095872 1.3198124874e-05 1.3198124874e-05
11.623246492985972 1.67661529924 3.776960928 -0.838307649619 -1.888480464 1.76311223711e-05 1.76311223711e-05
11.723446893787575 1.9475229763 1.57597540558 -0.973761488149 -0.787987702792 2.08733313195e-05 2.08733313195e-05
11.823647294589179 1.98613667286 -0.812984685419 -0.993068336431 0.40649234271 2.35988158187e-05 2.35988158187e-05
11.923847695390782 1.78785094884 -3.10497315935 -0.893925474419 1.55248657967 2.64028465209e-05 2.64028465209e-05
12.024048096192384 1.37631643725 -5.0266105074 -0.688158218623 2.5133052537 3.03968078305e-05 3.03968078305e-05
12.124248496993989 0.800618879017 -6.34869219238 -0.400309439509 3.17434609619 4.01173785338e-05 4.01173785338e-05
12.224448897795591 0.129426873253 -6.91351868794 -0.0647134366265 3.45675934397 0.000138183392664 0.000138183392664
12.324649298597194 -0.557202394855 -6.65372453056 0.278601197428 3.32686226528 2.11783010445e-06 2.11783010445e-06
12.424849699398798 -1.17737038902 -5.60029695453 0.588685194509 2.80014847726 1.33434950435e-05 1.33434950435e-05
12.525050100200401 -1.65710556028 -3.87888502596 0.82855278014 1.93944251298 1.85634245896e-05 1.85634245896e-05
12.625250501002004 -1.93918571668 -1.69481114791 0.969592858339 0.847405573956 2.22618216553e-05 2.22618216553e-05
12.725450901803606 -1.98996592093 0.691411724412 0.994982960464 -0.345705862206 2.55371814598e-05 2.55371814598e-05
12.82565130260521 -1.80339067401 2.99516332774 0.901695337007 -1.49758166387 2.85024323507e-05 2.85024323507e-05
12.925851703406813 -1.40171306572 4.94166170212 0.700856532861 -2.47083085106 3.26944921972e-05 3.26944921972e-05
13.026052104208416 -0.832843885316 6.29873440078 0.416421942658 -3.14936720039 4.17030182319e-05 4.17030182319e-05
13.12625250501002 -0.164636344442 6.90451637174 0.0823181722211 -3.45225818587 0.000115586289377 0.000115586289377
13.226452905811623 0.523208620964 6.68675089111 -0.261604310482 -3.34337544555 2.32070308547e-06 2.32070308547e-06
13.326653306613226 1.14864700846 5.67141270773 -0.574323504232 -2.83570635387 1.45893030074e-05 1.45893030074e-05
13.42685370741483 1.63707865583 3.97960797978 -0.818539327913 -1.98980398989 1.99818248349e-05 1.99818248349e-05
13.527054108216433 1.93024525005 1.81312986282 -0.965122625023 -0.906564931412 2.30904648645e-05 2.30904648645e-05
13.627254509018035 1.99317918628 -0.569613535896 -0.99658959314 0.284806767948 2.53848059361e-05 2.53848059361e-05
13.72745490981964 1.81837318881 -2.88441563827 -0.909186594403 1.44220781914 2.7936338624e-05 2.7936338624e-05
13.827655310621243 1.42667783307 -4.85517476364 -0.713338916536 2.42758738182 3.14366398767e-05 3.14366398767e-05
13.927855711422845 0.864813071188 -6.24682518545 -0.432406535594 3.12341259273 3.88695073224e-05 3.88695073224e-05
14.02805611222445 0.199796022967 -6.89337453884 -0.0998980114833 3.44668726942 9.33741620643e-05 9.33741620643e-05
14.128256513026052 -0.489051856597 -6.71770490194 0.244525928298 3.35885245097 2.67022988834e-06 2.67022988834e-06
14.228456913827655 -1.11956716518 -5.74077079521 0.55978358259 2.8703853976 1.45667539708e-05 1.45667539708e-05
14.32865731462926 -1.61654391443 -4.07909570935 0.808271957217 2.03954785468 1.99953621387e-05 1.99953621387e-05
14.428857715430862 -1.9207037025 -1.93087906857 0.960351851251 0.965439534283 2.36955982868e-05 2.36955982868e-05
14.529058116232465 -1.99576797908 0.447643462675 0.99788398954 -0.223821731338 2.69037715886e-05 2.69037715886e-05
14.629258517034069 -1.83278472024 2.77277205003 0.916392360118 -1.38638602501 2.97367085808e-05 2.97367085808e-05
14.729458917835672 -1.451192773 4.76716891094 0.725596386502 -2.38358445547 3.38250994292e-05 3.38250994292e-05
14.829659318637274 -0.896507505647 6.19295391797 0.448253752824 -3.09647695898 4.20911074037e-05 4.20911074037e-05
14.929859719438877 -0.234890821501 6.88006468499 0.117445410751 -3.44003234249 8.89464451057e-05 8.89464451057e-05
15.030060120240481 0.454743092206 6.74654542376 -0.227371546103 -3.37327271188 3.96083935991e-06 3.96083935991e-06
15.130260521042084 1.09013666355 5.80832087321 -0.545068331776 -2.90416043661 1.61627376431e-05 1.61627376431e-05
15.230460921843687 1.59550226926 4.17729912851 -0.797751134628 -2.08864956426 2.19756872131e-05 2.19756872131e-05
15.330661322645291 1.91056116111 2.04802254607 -0.955280580554 -1.02401127303 2.55849690183e-05 2.55849690183e-05
15.430861723446894 1.99773408634 -0.325534051745 -0.99886704317 0.162767025873 2.87902043988e-05 2.87902043988e-05
15.531062124248496 1.84662470292 -2.66025989479 -0.923312351459 1.33012994739 3.17234283216e-05 3.17234283216e-05
15.6312625250501 1.47525615026 -4.67767846167 -0.737628075128 2.33883923084 3.56774129483e-05 3.56774129483e-05
15.731462925851703 0.927923251447 -6.13716134352 -0.463961625724 3.06858067176 4.4348443302e-05 4.4348443302e-05
15.831663326653306 0.269911347888 -6.86461906067 -0.134955673944 3.43230953033 8.96429381488e-05 8.96429381488e-05
15.93186372745491 -0.420294355111 -6.77328903024 0.210147177556 3.38664451512 9.60173457325e-06 9.60173457325e-06
16.03206412825651 -1.06036860602 -5.87406395019 0.530184303009 2.9370319751 1.5805927641e-05 1.5805927641e-05
16.132264529058116 -1.57396561584 -4.27420053927 0.786982807921 2.13710026963 2.26113689312e-05 2.26113689312e-05
16.23246492985972 -1.89982436605 -2.16452316643 0.949912183024 1.08226158322 2.68962798535e-05 2.68962798535e-05
16.33266533066132 -1.99907778283 0.203329378932 0.999538891413 -0.101664689466 3.06002681048e-05 3.06002681048e-05
16.432865731462925 -1.85988899245 2.5469279062 0.929944496224 -1.2734639531 3.38029270404e-05 3.38029270404e-05
16.53306613226453 -1.4988584442 4.58673451106 0.749429222099 -2.29336725553 3.83693217532e-05 3.83693217532e-05
16.63326653306613 -0.959049248768 6.07944995585 0.479524624384 -3.03972497792 4.70614407017e-05 4.70614407017e-05
16.733466933867735 -0.304848544401 6.84702862358 0.152424272201 -3.42351431179 8.76111790764e-05 8.76111790764e-05
16.83366733466934 0.385713259929 6.79791864146 -0.192856629965 -3.39895932073 1.26716392465e-05 1.26716392465e-05
16.93386773547094 1.03026876866 5.9379752569 -0.515134384331 -2.96898762845 1.67245252377e-05 1.67245252377e-05
17.034068136272545 1.55193673814 4.36976830612 -0.775968369072 -2.18488415306 2.43775189252e-05 2.43775189252e-05
17.13426853707415 1.88849421401 2.2803514083 -0.944247107004 -1.14017570415 2.89173891508e-05 2.89173891508e-05
17.23446893787575 1.99979852043 -0.0810567269231 -0.999899260214 0.0405283634615 3.23999335147e-05 3.23999335147e-05
17.334669338677354 1.87257415516 -2.43279570325 -0.93628707758 1.21639785162 3.56007621253e-05 3.56007621253e-05
17.43486973947896 1.52199537751 -4.49435904481 -0.760997688756 2.24717952241 3.98411984647e-05 3.98411984647e-05
17.53507014028056 0.989878089884 -6.01985032175 -0.494939044942 3.00992516087 4.78732791875e-05 4.78732791875e-05
17.635270541082164 0.339691383294 -6.82731293886 -0.169845691647 3.41365646943 8.4104522761e-05 8.4104522761e-05
17.73547094188377 -0.351012247975 -6.82043778893 0.175506123988 3.41021889447 1.71557270591e-05 1.71557270591e-05
17.83567134268537 -0.999848451095 -6.00004361482 0.499924225548 3.00002180741 1.71144871835e-05 1.71144871835e-05
17.935871743486974 -1.52942596627 -4.46398470086 0.764712983134 2.23199235043 2.50584619901e-05 2.50584619901e-05
18.03607214428858 -1.87657851055 -2.39547783203 0.938289255276 1.19773891602 2.93845477416e-05 2.93845477416e-05
18.13627254509018 -1.99989930683 -0.0412471641288 0.999949653417 0.0206235820644 3.25741602686e-05 3.25741602686e-05
18.236472945891784 -1.88467915275 2.31790431412 0.942339576373 -1.15895215706 3.55772153349e-05 3.55772153349e-05
18.336673346693388 -1.54466086628 4.40058402969 0.772330433138 -2.20029201485 3.94196485087e-05 3.94196485087e-05
18.43687374749499 -1.02040066586 5.95837685283 0.510200332928 -2.97918842642 4.64684268675e-05 4.64684268675e-05
18.537074148296593 -0.374431234791 6.80547314281 0.187215617396 -3.4027365714 7.35819028533e-05 7.35819028533e-05
18.637274549098198 0.316199541775 6.84083774846 -0.158099770888 -3.42041887423 1.53272141074e-05 1.53272141074e-05
18.7374749498998 0.969115180761 6.06025051817 -0.484557590381 -3.03012525909 1.89409719867e-05 1.89409719867e-05
18.837675350701403 1.50643801333 4.55681697189 -0.753219006665 -2.27840848594 2.61340282644e-05 2.61340282644e-05
18.937875751503007 1.86407796182 2.50986150827 -0.93203898091 -1.25493075414 2.98814291412e-05 2.98814291412e-05
19.03807615230461 1.99937645042 0.16353792365 -0.99968822521 -0.0817689618251 3.29539197059e-05 3.29539197059e-05
19.138276553106213 1.89619519434 -2.20229044471 -0.948097597169 1.10114522236 3.64137063991e-05 3.64137063991e-05
19.238476953907817 1.56684221773 -4.30543397057 -0.783421108863 2.15271698529 4.0779311249e-05 4.0779311249e-05
19.338677354709418 1.050602034 -5.89503728492 -0.525301016999 2.94751864246 4.82082785202e-05 4.82082785202e-05
19.438877755511022 0.409050264785 -6.78149863103 -0.204525132392 3.39074931552 7.49560391453e-05 7.49560391453e-05
19.539078156312627 -0.281290561785 -6.8590895948 0.140645280893 3.4295447974 2.10942495985e-05 2.10942495985e-05
19.639278557114228 -0.938080462118 -6.11855060212 0.469040231059 3.05927530106 2.02921891339e-05 2.02921891339e-05
19.739478957915832 -1.48297910808 -4.64821086634 0.741489554039 2.32410543317 2.82537393965e-05 2.82537393965e-05
19.839679358717436 -1.8509927925 -2.62344840293 0.925496396248 1.31172420146 3.23920789246e-05 3.23920789246e-05
19.939879759519037 -1.99822516657 -0.285769514983 0.999112583286 0.142884757491 3.60154958492e-05 3.60154958492e-05
20.04008016032064 -1.90711671878 2.08599224419 0.95355835939 -1.04299612209 3.91293571046e-05 3.91293571046e-05
20.140280561122246 -1.58853403982 4.20894337979 0.794267019912 -2.10447168989 4.28893488337e-05 4.28893488337e-05
20.240480961923847 -1.0804761804 5.82986489418 0.540238090198 -2.91493244709 4.96856229827e-05 4.96856229827e-05
20.34068136272545 -0.443543504188 6.75542047773 0.221771752094 -3.37771023887 7.2323193722e-05 7.2323193722e-05
20.440881763527056 0.246293726553 6.87521279136 -0.123146863277 -3.43760639568 2.77016202339e-05 2.77016202339e-05
20.541082164328657 0.906754033736 6.17495285082 -0.453377016868 -3.08747642541 2.1046157218e-05 2.1046157218e-05
20.64128256513026 1.45905979699 4.73816537222 -0.729529898495 -2.36908268611 2.92515386863e-05 2.92515386863e-05
20.741482965931862 1.83733348302 2.73622504472 -0.918666741512 -1.36811252236 3.34764292643e-05 3.34764292643e-05
20.841683366733466 1.99645551508 0.407916847436 -0.998227757539 -0.203958423718 3.69064749468e-05 3.69064749468e-05
20.94188376753507 1.91744773396 -1.96904429706 -0.958723866981 0.984522148528 3.98286473885e-05 3.98286473885e-05
21.04208416833667 1.60973325802 -4.1111447726 -0.804866629009 2.0555723863 4.34314255459e-05 4.34314255459e-05
21.142284569138276 1.11001477693 -5.7628792889 -0.555007388464 2.88143964445 5.00382648678e-05 5.00382648678e-05
21.24248496993988 0.477897851924 -6.72723574162 -0.238948925962 3.36361787081 7.14704010969e-05 7.14704010969e-05
21.34268537074148 -0.211220674108 -6.88919066942 0.105610337054 3.44459533471 3.90374170017e-05 3.90374170017e-05
21.442885771543086 -0.875145356813 -6.22942726909 0.437572678407 3.11471363454 2.14833009576e-05 2.14833009576e-05
21.54308617234469 -1.43468563713 -4.82663881171 0.717342818564 2.41331940585 3.03941273503e-05 3.03941273503e-05
21.64328657314629 -1.82310140996 -2.84814500755 0.911550704981 1.42407250378 3.46828458176e-05 3.46828458176e-05
21.743486973947896 -1.99406350375 -0.529934316501 0.997031751876 0.26496715825 3.79001511309e-05 3.79001511309e-05
21.8436873747495 -1.92718065837 1.85148502287 0.963590329185 -0.925742511433 4.08077747594e-05 4.08077747594e-05
21.9438877755511 -1.63043020676 4.01206533988 0.815215103379 -2.00603266994 4.43432601084e-05 4.43432601084e-05
22.044088176352705 -1.13920764518 5.694099495 0.569603822592 -2.8470497475 5.02081714341e-05 5.02081714341e-05
22.14428857715431 -0.512104448821 6.69696051504 0.25605222441 -3.34848025752 6.84330645094e-05 6.84330645094e-05
22.24448897795591 0.176080829471 6.90103140471 -0.0880404147353 -3.45051570236 4.93895113975e-05 4.93895113975e-05
22.344689378757515 0.843263915459 6.28197091213 -0.42163195773 -3.14098545606 2.20024882127e-05 2.20024882127e-05
22.44488977955912 1.40986533386 4.91361814893 -0.704932666931 -2.45680907446 3.09027357972e-05 3.09027357972e-05
22.54509018036072 1.80830253279 2.95918646127 -0.904151266395 -1.47959323064 3.51720468308e-05 3.51720468308e-05
22.645290581162325 1.99105215537 0.65179264382 -0.995526077685 -0.32589632191 3.78537643559e-05 3.78537643559e-05
22.74549098196393 1.93631580441 -1.73334569992 -0.968157902206 0.86667284996 4.03354325009e-05 4.03354325009e-05
22.84569138276553 1.65062218826 -3.91173654742 -0.82531109413 1.95586827371 4.3338497193e-05 4.3338497193e-05
22.945891783567134 1.16804778281 -5.62354930778 -0.584023891406 2.81177465389 4.84155803646e-05 4.84155803646e-05
23.04609218436874 0.546152450361 -6.66460400712 -0.273076225181 3.33230200356 6.39579636762e-05 6.39579636762e-05
23.14629258517034 -0.14088625259 -6.9107251127 0.0704431262949 3.45536255635 6.59046944756e-05 6.59046944756e-05
23.246492985971944 -0.811120151096 -6.33255799361 0.405560075548 3.16627899681 2.19897280035e-05 2.19897280035e-05
23.34669338677355 -1.38460670017 -4.99906530131 0.692303350085 2.49953265066 3.06871345144e-05 3.06871345144e-05
23.44689378757515 -1.79294062159 -3.06930076712 0.896470310793 1.53465038356 3.53960326983e-05 3.53960326983e-05
23.547094188376754 -1.98741862475 -0.773441617705 0.993709312377 0.386720808853 3.86662668094e-05 3.86662668094e-05
23.647294589178358 -1.94484382578 1.61466959763 0.972421912889 -0.807334798814 4.17735563914e-05 4.17735563914e-05
23.74749498997996 -1.67029499099 3.81018769799 0.835147495495 -1.90509384899 4.52269219091e-05 4.52269219091e-05
23.847695390781563 -1.19651854992 5.55123990562 0.598259274961 -2.77561995281 5.11965183311e-05 5.11965183311e-05
23.947895791583168 -0.580026192146 6.63015305309 0.290013096073 -3.31507652654 6.70084590274e-05 6.70084590274e-05
24.04809619238477 0.1056496179 6.91824590422 -0.0528248089501 -3.45912295211 0.000110913836072 0.000110913836072
24.148296593186373 0.778723608505 6.38115488451 -0.389361804252 -3.19057744226 2.19855528437e-05 2.19855528437e-05
24.248496993987978 1.35891421316 5.08294073935 -0.679457106582 -2.54147036967 3.22045124539e-05 3.22045124539e-05
24.34869739478958 1.77701848223 3.17844705044 -0.888509241114 -1.58922352522 3.64630285979e-05 3.64630285979e-05
24.448897795591183 1.98316373936 0.894844528109 -0.991581869681 -0.447422264054 4.04966053893e-05 4.04966053893e-05
24.549098196392787 1.95276469509 -1.49549304478 -0.976382347545 0.74774652239 4.37511367692e-05 4.37511367692e-05
24.649298597194388 1.6894469997 -3.70745251015 -0.844723499848 1.85372625507 4.72360253302e-05 4.72360253302e-05
24.749498997995993 1.22461733065 -5.47720063258 -0.612308665323 2.73860031629 5.31249764563e-05 5.31249764563e-05
24.849699398797597 0.613718509328 -6.59364629752 -0.306859254664 3.29682314876 7.08148519353e-05 7.08148519353e-05
24.949899799599198 -0.0703809855486 -6.92361950213 0.0351904927743 3.46180975106 0.000214186214678 0.000214186214678
25.050100200400802 -0.746086058977 -6.42776912519 0.373043029489 3.21388456259 1.97453981417e-05 1.97453981417e-05
25.150300601202403 -1.33280096724 -5.16523465206 0.666400483618 2.58261732603 3.17387885814e-05 3.17387885814e-05
25.250501002004007 -1.76054277714 -3.28660739555 0.880271388568 1.64330369778 3.74306721426e-05 3.74306721426e-05
25.350701402805612 -1.9782924459 -1.01596650798 0.989146222952 0.50798325399 4.15223198234e-05 4.15223198234e-05
25.450901803607213 -1.96007812141 1.37585423376 0.980039060706 -0.687927116879 4.51520035218e-05 4.51520035218e-05
25.551102204408817 -1.70807235424 3.60356658851 0.854036177118 -1.80178329425 4.92996191821e-05 4.92996191821e-05
25.65130260521042 -1.2523331747 5.40145972712 0.626166587349 -2.70072986356 5.60111830398e-05 5.60111830398e-05
25.751503006012022 -0.64722065 6.55507797279 0.323610325 -3.27753898639 7.25611900951e-05 7.25611900951e-05
25.851703406813627 0.0350901273752 6.92682968951 -0.0175450636876 -3.46341484475 0.000516894906076 0.000516894906076
25.95190380761523 0.713215011379 6.47237248405 -0.35660750569 -3.23618624202 1.86931887344e-05 1.86931887344e-05
26.052104208416832 1.30626950876 5.24591247536 -0.65313475438 -2.62295623768 3.34509926196e-05 3.34509926196e-05
26.152304609218437 1.7435159157 3.39373775325 -0.871757957851 -1.69686887663 3.9859609277e-05 3.9859609277e-05
26.25250501002004 1.97280078799 1.13677075449 -0.986400393995 -0.568385377244 4.45129288438e-05 4.45129288438e-05
26.352705410821642 1.96677686969 -1.25578325059 -0.983388434847 0.627891625294 4.85031738857e-05 4.85031738857e-05
26.452905811623246 1.72616275693 -3.49855015154 -0.863081378467 1.74927507577 5.28616201891e-05 5.28616201891e-05
26.55310621242485 1.27965774235 -5.32402205239 -0.639828871175 2.66201102619 5.95622491448e-05 5.95622491448e-05
26.65330661322645 0.680518443614 -6.51446361235 -0.340259221807 3.25723180617 7.80337204182e-05 7.80337204182e-05
26.753507014028056 0.000210813100266 -6.92787642561 -0.000105406550133 3.4639382128 0.0946243802491 0.0946243802491
26.85370741482966 -0.680122225389 -6.51495732003 0.340061112694 3.25747866001 1.67714485947e-05 1.67714485947e-05
26.95390781563126 -1.27933249015 -5.32495630093 0.639666245076 2.66247815046 3.40507331132e-05 3.40507331132e-05
27.054108216432866 -1.72594815505 -3.4998123319 0.862974077526 1.74990616595 4.09261468758e-05 4.09261468758e-05
27.15430861723447 -1.96669734302 -1.25722119804 0.983348671511 0.62861059902 4.59957610488e-05 4.59957610488e-05
27.25450901803607 -1.97286559022 1.13532405801 0.986432795111 -0.567662029006 5.03717657463e-05 5.03717657463e-05
27.354709418837675 -1.74371777564 3.3924503232 0.871858887819 -1.6962251616 5.48925035917e-05 5.48925035917e-05
27.45490981963928 -1.3065852035 5.24493629348 0.65329260175 -2.62246814674 6.16836816465e-05 6.16836816465e-05
27.55511022044088 -0.713607663902 6.47182315844 0.356803831951 -3.23591157922 7.80959708744e-05 7.80959708744e-05
27.655310621242485 -0.0355137394321 6.9267737916 0.017756869716 -3.4633868958 0.000671931992768 0.000671931992768
27.75551102204409 0.646816257097 6.55552220253 -0.323408128549 -3.27776110127 1.65612592741e-05 1.65612592741e-05
27.85571142284569 1.25199617701 5.40235044108 -0.625998088503 -2.70117522054 3.51668973206e-05 3.51668973206e-05
27.955911823647295 1.70784212492 3.60480524879 -0.853921062458 -1.8024026244 4.22546667596e-05 4.22546667596e-05
28.0561122244489 1.95998285095 1.37729117899 -0.979991425476 -0.688645589495 4.65505391811e-05 4.65505391811e-05
28.1563126252505 1.97834384927 -1.01450259173 -0.989171924635 0.507251295863 5.00328045993e-05 5.00328045993e-05
28.256513026052104 1.76073428172 -3.28529007819 -0.880367140862 1.64264503909 5.41092216567e-05 5.41092216567e-05
28.35671342685371 1.33311029774 -5.164219723 -0.666555148872 2.5821098615 6.01148589819e-05 6.01148589819e-05
28.45691382765531 0.746477365996 -6.4271787251 -0.373238682998 3.21358936255 7.43155865447e-05 7.43155865447e-05
28.557114228456914 0.0708068477433 -6.92352399896 -0.0354034238717 3.46176199948 0.000345443103216 0.000345443103216
28.65731462925852 -0.613308978523 -6.59405344001 0.306654489262 3.29702672 1.59072793175e-05 1.59072793175e-05
28.75751503006012 -1.22427134497 -5.47806765402 0.612135672487 2.73903382701 3.49914773457e-05 3.49914773457e-05
28.857715430861724 -1.68920614799 -3.70867518515 0.844603073996 1.85433759257 4.226778577e-05 4.226778577e-05
28.95791583166333 -1.95265748576 -1.49692621739 0.976328742878 0.748463108694 4.71504882493e-05 4.71504882493e-05
29.05811623246493 -1.98320265594 0.89336991479 0.991601327969 -0.446684957395 5.11768768266e-05 5.11768768266e-05
29.158316633266534 -1.7771983612 3.17710721983 0.8885991806 -1.58855360991 5.54371739982e-05 5.54371739982e-05
29.258517034068138 -1.35921560464 5.08189069639 0.679607802321 -2.5409453482 6.18054677673e-05 6.18054677673e-05
29.35871743486974 -0.779109835362 6.38052093414 0.389554917681 -3.19026046707 7.67654066574e-05 7.67654066574e-05
29.458917835671343 -0.106075204928 6.91810185162 0.0530376024641 -3.45905092581 0.000261400506285 0.000261400506285
29.559118236472944 0.579611539573 6.63051593992 -0.289805769786 -3.31525796996 1.35106541288e-05 1.35106541288e-05
29.65931863727455 1.19616402139 5.55206554632 -0.598082010696 -2.77603277316 3.56186313524e-05 3.56186313524e-05
29.759519038076153 1.6700423466 3.81138227357 -0.835021173298 -1.90569113678 4.31280641222e-05 4.31280641222e-05
29.859719438877754 1.94472282602 1.61608954559 -0.972361413012 -0.808044772795 4.81585968844e-05 4.81585968844e-05
29.95991983967936 1.9874434276 -0.771963183274 -0.9937217138 0.385981591637 5.23188624894e-05 5.23188624894e-05
30.060120240480963 1.79310847185 -3.06793858763 -0.896554235927 1.53396929381 5.68178517496e-05 5.68178517496e-05
30.160320641282564 1.3848969495 -4.9979826379 -0.69244847475 2.49899131895 6.37125840877e-05 6.37125840877e-05
30.260521042084168 0.81149980913 -6.33187783056 -0.405749904565 3.16593891528 7.86496431676e-05 7.86496431676e-05
30.360721442885772 0.141310020482 -6.91052851448 -0.0706550102412 3.45526425724 0.000222716826901 0.000222716826901
30.460921843687373 -0.545734382452 -6.66491601279 0.272867191226 3.33245800639 9.15503895107e-06 9.15503895107e-06
30.561122244488978 -1.16768543696 -5.62433495901 0.583842718479 2.81216747951 3.49901513795e-05 3.49901513795e-05
30.661322645290582 -1.6503594019 -3.91289963137 0.825179700948 1.95644981569 4.32240893107e-05 4.32240893107e-05
30.761523046092183 -1.93618220812 -1.73474903043 0.968091104059 0.867374515213 4.91344664602e-05 4.91344664602e-05
30.861723446893787 -1.99106411942 0.65031576418 0.995532059712 -0.32515788209 5.38227270542e-05 5.38227270542e-05
30.96192384769539 -1.80845902071 2.95781238342 0.904229510353 -1.47890619171 5.86017559341e-05 5.86017559341e-05
31.062124248496993 -1.41014702592 4.91251088021 0.705073512961 -2.45625544011 6.53314909381e-05 6.53314909381e-05
31.162324649298597 -0.843636809318 6.28125840958 0.421818404659 -3.14062920479 8.0489964433e-05 8.0489964433e-05
31.2625250501002 -0.176500936216 6.90079600946 0.0882504681081 -3.45039800473 0.000198691655893 0.000198691655893
31.362725450901802 0.511686424377 6.69722937097 -0.255843212189 -3.34861468548 5.65338931061e-06 5.65338931061e-06
31.462925851703407 1.13884114651 5.69484376382 -0.569420573254 -2.84742188191 3.59265726688e-05 3.59265726688e-05
31.56312625250501 1.63015867814 4.01319628566 -0.815079339068 -2.00659814283 4.54539516414e-05 4.54539516414e-05
31.663326653306612 1.92703581813 1.85286827557 -0.963517909067 -0.926434137787 5.13627963099e-05 5.13627963099e-05
31.763527054108216 1.99406314114 -0.528462032273 -0.997031570571 0.264231016136 5.59190778037e-05 5.59190778037e-05
31.86372745490982 1.8232453564 -2.84675955921 -0.911622678198 1.4233797796 6.07072094895e-05 6.07072094895e-05
31.96392785571142 1.4349570893 -4.82550511601 -0.717478544649 2.41275255801 6.72887327256e-05 6.72887327256e-05
32.06412825651302 0.875512276667 -6.22867987684 -0.437756138333 3.11433993842 8.06298002671e-05 8.06298002671e-05
32.16432865731463 0.211639790601 -6.8889187707 -0.105819895301 3.44445938535 0.000168751089156 0.000168751089156
32.26452905811623 -0.477476737976 -6.72747261744 0.238738368988 3.36373630872 6.40661299109e-06 6.40661299109e-06
32.364729458917836 -1.10964139749 -5.76359655231 0.554820698745 2.88179827616 3.74162715128e-05 3.74162715128e-05
32.46492985971944 -1.60945178688 -4.1122584978 0.80472589344 2.0561292489 4.65963209707e-05 4.65963209707e-05
32.565130260521045 -1.9172919629 -1.97042565629 0.958645981452 0.985212828144 5.20170904739e-05 5.20170904739e-05
32.66533066132264 -1.9964443896 0.406432489368 0.9982221948 -0.203216244684 5.6186662613e-05 5.6186662613e-05
32.765531062124246 -1.83746796326 2.73481314858 0.918733981632 -1.36740657429 6.03565825049e-05 6.03565825049e-05
32.86573146292585 -1.45932471119 4.73699459774 0.729662355595 -2.36849729887 6.59345004325e-05 6.59345004325e-05
32.965931863727455 -0.907118324348 6.17416324869 0.453559162174 -3.08708162435 7.69925218305e-05 7.69925218305e-05
33.06613226452906 -0.246714631293 6.8748978007 0.123357315646 -3.43744890035 0.000139468082571 0.000139468082571
33.166332665330664 0.443116803311 6.75562013108 -0.221558401656 -3.37781006554 1.05517767533e-05 1.05517767533e-05
33.26653306613226 1.08009469445 5.83055531277 -0.540047347224 -2.91527765638 4.00559593004e-05 4.00559593004e-05
33.366733466933866 1.58824255172 4.21004198381 -0.794121275862 -2.1050209919 4.82648128688e-05 4.82648128688e-05
33.46693386773547 1.90695013787 2.08736993018 -0.953475068936 -1.04368496509 5.29304587719e-05 5.29304587719e-05
33.567134268537075 1.99820329417 -0.284275647588 -0.999101647084 0.142137823794 5.65480774625e-05 5.65480774625e-05
33.66733466933868 1.85111780897 -2.62201519809 -0.925558904487 1.31100759905 6.00911643021e-05 6.00911643021e-05
33.76753507014028 1.48323714689 -4.64700943424 -0.741618573443 2.32350471712 6.4903726272e-05 6.4903726272e-05
33.86773547094188 0.938440865402 -6.11772337998 -0.469220432701 3.05886168999 7.44726774105e-05 7.44726774105e-05
33.967935871743485 0.281710221072 -6.85873171703 -0.140855110536 3.42936585852 0.000125868323595 0.000125868323595
34.06813627254509 -0.40862098504 -6.78165435086 0.20431049252 3.39082717543 9.99775713892e-06 9.99775713892e-06
34.168336673346694 -1.05021214732 -5.89567616702 0.525106073662 2.94783808351 4.21331612276e-05 4.21331612276e-05
34.2685370741483 -1.56653545158 -4.30648457051 0.78326772579 2.15324228526 5.18418247677e-05 5.18418247677e-05
34.3687374749499 -1.89600598431 -2.20363334945 0.948002992155 1.10181667473 5.81061851796e-05 5.81061851796e-05
34.4689378757515 -1.99932738695 0.162052234216 0.999663693477 -0.0810261171078 6.29648106174e-05 6.29648106174e-05
34.569138276553105 -1.86417615237 2.50840473352 0.932088076183 -1.25420236676 6.76798866431e-05 6.76798866431e-05
34.66933867735471 -1.50667189758 4.55555941856 0.753335948789 -2.27777970928 7.41665131923e-05 7.41665131923e-05
34.76953907815631 -0.969457652919 6.05933953538 0.48472882646 -3.02966976769 8.58385513255e-05 8.58385513255e-05
34.86973947895792 -0.316610455716 6.84037996258 0.158305227858 -3.42018998129 0.000139162259722 0.000139162259722
34.96993987975952 0.374000028669 6.80552419307 -0.187000014334 -3.40276209654 3.45598052269e-06 3.45598052269e-06
35.07014028056112 1.02000132994 5.95892914302 -0.510000664971 -2.97946457151 4.5304159261e-05 4.5304159261e-05
35.170340681362724 1.5443385512 4.40157275261 -0.772169275598 -2.2007863763 5.65682632859e-05 5.6568263286e-05
35.27054108216433 1.88447258378 2.31921244921 -0.942236291891 -1.15960622461 6.24900810914e-05 6.24900810914e-05
35.37074148296593 1.99983331196 -0.0397730733111 -0.99991665598 0.0198865366556 6.6933241469e-05 6.69332414688e-05
35.47094188376754 1.87666085888 -2.39401508931 -0.938330429442 1.19700754466 7.12759278204e-05 7.12759278203e-05
35.57114228456914 1.52964654368 -4.46270690137 -0.764823271841 2.23135345069 7.69889911595e-05 7.69889911592e-05
35.67134268537074 1.00018110047 -5.99910157606 -0.500090550237 2.99955078803 8.77313021544e-05 8.77313021539e-05
35.77154308617234 0.351417067746 -6.81993959483 -0.175708533873 3.40996979741 0.000135469941033 0.000135469941032
35.87174348697395 -0.339261964194 -6.82731856302 0.169630982097 3.41365928151 2.77898615732e-06 2.77898615601e-06
35.97194388777555 -0.989474600549 -6.02036037102 0.494737300274 3.01018018551 4.66964139224e-05 4.66964139226e-05
36.07214428857716 -1.52166594302 -4.49531379418 0.760832971512 2.24765689709 5.77823356642e-05 5.77823356642e-05
36.17234468937876 -1.87235699185 -2.43407917919 0.936178495924 1.2170395896 6.42217248962e-05 6.42217248961e-05
36.27254509018036 -1.99971885992 -0.0825181152592 0.999859429959 0.0412590576296 6.94836046806e-05 6.94836046806e-05
36.37274549098196 -1.8885620748 2.27888226778 0.9442810374 -1.13944113389 7.411797027e-05 7.41179702699e-05
36.47294589178357 -1.5521440894 4.36846488481 0.776072044702 -2.1842324424 7.99955284211e-05 7.99955284211e-05
36.57314629258517 -1.03059135846 5.93699055607 0.51529567923 -2.96849527804 9.09685409282e-05 9.09685409282e-05
36.673346693386776 -0.386113989604 6.79737325192 0.193056994802 -3.39868662596 0.000132901865621 0.000132901865621
36.77354709418837 0.304418061117 6.84698817501 -0.152209030558 -3.4234940875 1.00652605736e-05 1.00652605728e-05
36.87374749498998 0.958640232444 6.07991751608 -0.479320116222 -3.03995875804 4.74341584521e-05 4.74341584525e-05
36.97394789579158 1.49851904696 4.58765488549 -0.74925952348 -2.29382744274 5.90926547162e-05 5.90926547168e-05
37.07414829659319 1.85965926812 2.54819347293 -0.929829634058 -1.27409673647 6.52484692712e-05 6.52484692718e-05
37.17434869739479 1.99898560302 0.204794226219 -0.99949280151 -0.10239711311 6.98486611959e-05 6.98486611964e-05
37.274549098196395 1.89988033752 -2.16303451364 -0.949940168762 1.08151725682 7.3987124178e-05 7.39871241786e-05
37.37474949899799 1.57416368113 -4.27286366285 -0.787081840566 2.13643183143 7.92688828853e-05 7.9268882886e-05
37.4749498997996 1.06068605421 -5.87303975279 -0.530343027106 2.93651987639 8.87394696881e-05 8.87394696892e-05
37.5751503006012 0.420692978785 -6.77269592806 -0.210346489393 3.38634796403 0.000125069925391 0.000125069925393
37.675350701402806 -0.269478208729 -6.86452783455 0.134739104364 3.43226391728 1.52195386127e-05 1.52195386152e-05
37.77555110220441 -0.927506504138 -6.13758298942 0.463753252069 3.06879149471 4.88869806041e-05 4.88869806036e-05
37.875751503006015 -1.47490465905 -4.67856815292 0.737452329526 2.33928407646 6.07874741638e-05 6.07874741637e-05
37.97595190380761 -1.84638062816 -2.66150936942 0.923190314081 1.33075468471 6.70410848258e-05 6.70410848258e-05
38.07615230460922 -1.9976268523 -0.326997454666 0.998813426152 0.163498727333 7.14888285158e-05 7.14888285161e-05
38.17635270541082 -1.91060300702 2.04651821859 0.955301503512 -1.0232591093 7.57054199279e-05 7.57054199283e-05
38.276553106212425 -1.59568854954 4.17593356465 0.797844274772 -2.08796678232 8.11714342645e-05 8.11714342651e-05
38.37675350701403 -1.09044538002 5.80725379242 0.545222690012 -2.90362689621 9.10585981833e-05 9.10585981841e-05
38.476953907815634 -0.455137992463 6.74590274088 0.227568996231 -3.37295137044 0.000124740021227 0.000124740021229
38.57715430861723 0.234456326225 6.87992306704 -0.117228163112 -3.43996153352 3.02200775535e-05 3.0220077557e-05
38.677354709418836 0.896085012241 6.19332894931 -0.448042506121 -3.09666447465 4.90164257722e-05 4.90164257714e-05
38.77755511022044 1.45083126561 4.76801619031 -0.725415632805 -2.38400809516 6.21096791206e-05 6.21096791201e-05
38.877755511022045 1.83252712361 2.77399187002 -0.916263561803 -1.38699593501 6.85731889198e-05 6.85731889193e-05
38.97795591182365 1.99564511864 0.449095728493 -0.997822559322 -0.224547864247 7.33618055337e-05 7.33618055331e-05
39.078156312625254 1.92072923579 -1.9293661839 -0.960364617897 0.964683091948 7.79445726162e-05 7.79445726155e-05
39.17835671342685 1.6167154864 -4.07769931863 -0.808357743198 2.03884965931 8.34348807867e-05 8.34348807857e-05
39.278557114228455 1.11986519378 -5.73965734656 -0.55993259689 2.86982867328 9.29826148503e-05 9.29826148489e-05
39.37875751503006 0.489441790935 -6.7170089437 -0.244720895467 3.35850447185 0.000123189448483 0.00012318944848
39.478957915831664 -0.199360627129 -6.89317865514 0.0996803135645 3.44658932757 4.67219943867e-05 4.67219943778e-05
39.57915831663327 -0.864384027516 -6.2471535494 0.432192013758 3.1235767747 4.94380182621e-05 4.94380182638e-05
39.67935871743487 -1.42630662865 -4.85598946505 0.713153314327 2.42799473253 6.28589833422e-05 6.2858983343e-05
39.77955911823647 -1.81810392896 -2.88562065437 0.909051964481 1.44281032719 6.93682785843e-05 6.9368278585e-05
39.879759519038075 -1.99304404335 -0.571066653437 0.996522021677 0.285533326718 7.39524200039e-05 7.39524200046e-05
39.97995991983968 -1.93026118854 1.8116037047 0.965130594271 -0.905801852352 7.79416925223e-05 7.79416925227e-05
40.08016032064128 -1.63724334101 3.97819258492 0.818621670504 -1.98909629246 8.27475369207e-05 8.27475369213e-05
40.18036072144289 -1.14894058617 5.67027582198 0.574470293087 -2.83513791099 9.0836604883e-05 9.0836604884e-05
40.28056112224449 -0.523595611173 6.68602419129 0.261797805587 -3.34301209565 0.000116977104634 0.000116977104636
40.38076152304609 0.164201467965 6.90428395007 -0.0821007339826 -3.45214197503 6.21666495586e-05 6.21666495637e-05
40.480961923847694 0.83241222768 6.299024494 -0.41620611384 -3.149512247 5.16285051881e-05 5.1628505187e-05
40.5811623246493 1.40133549667 4.94244211428 -0.700667748333 -2.47122105714 6.50709505974e-05 6.50709505971e-05
40.6813627254509 1.80311179674 2.99634108044 -0.901555898372 -1.49817054022 7.14844419981e-05 7.1484441998e-05
40.78156312625251 1.9898185674 0.692847194662 -0.994909283702 -0.346423597331 7.62056091872e-05 7.6205609187e-05
40.88176352705411 1.93918657968 -1.69328561282 -0.96959328984 0.846642806411 8.05330739337e-05 8.05330739337e-05
40.98196392785571 1.65725503817 -3.87744807261 -0.828627519087 1.93872403631 8.56612953792e-05 8.5661295379e-05
41.08216432865731 1.17765170634 -5.59912157903 -0.588825853171 2.79956078951 9.40821648084e-05 9.40821648082e-05
41.18236472945892 0.557581105013 -6.65295171782 -0.278790552507 3.32647585891 0.000120772458866 0.000120772458865
41.28256513026052 -0.128994276103 -6.91323571276 0.0644971380514 3.45661785638 0.000110364722322 0.00011036472232
41.38276553106213 -0.800184075792 -6.34893436901 0.400092037896 3.1744671845 5.01783673069e-05 5.01783673071e-05
41.482965931863724 -1.37593051326 -5.02735313449 0.68796525663 2.51367656724 6.5293371443e-05 6.52933714428e-05
41.58316633266533 -1.78756025542 -3.1061255505 0.893780127708 1.55306277525 7.22396404122e-05 7.22396404122e-05
41.68336673346693 -1.98597489494 -0.81440961937 0.992987447469 0.407204809685 7.75132237943e-05 7.75132237943e-05
41.78356713426854 -1.94750953251 1.57444363917 0.973754766255 -0.787221819583 8.21395119461e-05 8.21395119461e-05
41.88376753507014 -1.67675221905 3.77550183488 0.838376109526 -1.88775091744 8.73513653486e-05 8.73513653486e-05
41.983967935871746 -1.20599735195 5.5262300786 0.602998675976 -2.7631150393 9.5914744193e-05 9.5914744193e-05
42.08416833667334 -0.591394745657 6.61780418312 0.295697372828 -3.30890209156 0.000120908958105 0.000120908958104
42.18436873747495 0.0937466020452 6.92002698658 -0.0468733010226 -3.46001349329 0.000191772161972 0.000191772161965
42.28456913827655 0.767705389344 6.39685675605 -0.383852694672 -3.19842837802 5.0132378245e-05 5.01323782458e-05
42.38476953907816 1.35009482533 5.11069068516 -0.675047412667 -2.55534534258 6.69470076046e-05 6.69470076049e-05
42.48496993987976 1.77144920141 3.21493828788 -0.885724600706 -1.60746914394 7.439258217e-05 7.43925821705e-05
42.585170340681366 1.98151142513 0.935721134226 -0.990755712566 -0.467860567113 7.92828438013e-05 7.92828438015e-05
42.68537074148296 1.95522562359 -1.45510633618 -0.977612811793 0.727553168089 8.37103298403e-05 8.37103298405e-05
42.78557114228457 1.69572722317 -3.67237361814 -0.847863611586 1.83618680907 8.87953365053e-05 8.87953365053e-05
42.88577154308617 1.23396832062 -5.45161265303 -0.616984160311 2.72580632652 9.67318061037e-05 9.67318061035e-05
42.985971943887776 0.625026104915 -6.58060183287 -0.312513052458 3.29030091643 0.000117805737897 0.000117805737896
43.08617234468938 -0.0584674448419 -6.9246811654 0.029233722421 3.4623405827 0.000332601577175 0.000332601577162
43.186372745490985 -0.734987312315 -6.44280723799 0.367493656157 3.22140361899 5.02854019434e-05 5.02854019449e-05
43.28657314629258 -1.32384045061 -5.19245702751 0.661920225303 2.59622851375 6.71206940448e-05 6.71206940459e-05
43.38677354709419 -1.75479046786 -3.32276777754 0.877395233929 1.66138388877 7.41012226081e-05 7.41012226093e-05
43.48697394789579 -1.97643482021 -1.05674896022 0.988217410103 0.528374480108 7.88518586521e-05 7.88518586653e-05
43.587174348697395 -1.96233601126 1.33531498566 0.98116800563 -0.66765749283 8.34314140505e-05 8.34314140772e-05
43.687374749499 -1.71417625281 3.56810511628 0.857088126404 -1.78405255814 8.87682629301e-05 8.87682629729e-05
43.787575150300604 -1.26155547124 5.37530167534 0.630777735618 -2.68765083767 9.6937822933e-05 9.69378230066e-05
43.8877755511022 -0.658460703017 6.54134726217 0.329230351508 -3.27067363108 0.000118030150247 0.000118030150415
43.987975951903806 0.023172235377 6.92716144548 -0.0115861176886 -3.46358072274 0.000996460987542 0.000996460992989
44.08817635270541 0.70204050414 6.48672966642 -0.35102025207 -3.24336483321 5.00052496611e-05 5.0005249463e-05
44.188376753507015 1.29717147941 5.27258255379 -0.648585739705 -2.6362912769 6.88785351038e-05 6.88785349888e-05
44.28857715430862 1.73757994605 3.42953996208 -0.868789973025 -1.71476998104 7.66469945284e-05 7.66469944386e-05
44.388777555110224 1.97073543708 1.17743545747 -0.985367718539 -0.588717728737 8.1898426322e-05 8.18984262408e-05
44.48897795591182 1.96882856642 -1.21511052853 -0.984414283211 0.607555264264 8.63573162604e-05 8.63573161785e-05
44.589178356713425 1.73208652814 -3.46272129024 -0.866043264071 1.73136064512 9.13757449722e-05 9.1375744881e-05
44.68937875751503 1.28874698975 -5.29731011082 -0.644373494876 2.64865505541 9.90681452708e-05 9.90681451525e-05
44.789579158316634 0.691690032259 -6.50005318044 -0.345845016129 3.25002659022 0.00011833651968 0.000118336519472
44.88977955911824 0.0121306210832 -6.9274902286 -0.00606531054166 3.4637451143 0.00216022530648 0.00216022529558
44.98997995991984 -0.66887533767 -6.52863991587 0.334437668835 3.26431995793 4.90698879381e-05 4.90698881147e-05
45.09018036072144 -1.27009983395 -5.35107530642 0.635049916973 2.67553765321 6.94783092183e-05 6.94783092982e-05
45.190380761523045 -1.71983158112 -3.53525151415 0.859915790559 1.76762575708 7.71271371163e-05 7.71271371646e-05
45.29058116232465 -1.96442594961 -1.29775767559 0.982212974805 0.648878837796 8.29075946765e-05 8.29075947085e-05
45.390781563126254 -1.97471036503 1.09452828614 0.987355182516 -0.547264143069 8.78507292485e-05 8.78507292694e-05
45.49098196392786 -1.74945870499 3.35626144063 0.874729352495 -1.67813072031 9.29735586256e-05 9.29735586364e-05
45.591182364729455 -1.31553724236 5.21767188164 0.657768621179 -2.60883594082 0.000100846193771 0.000100846193768
45.69138276553106 -0.724701853159 6.45673672786 0.362350926579 -3.22836836393 0.000121313362384 0.000121313362347
45.791583166332664 -0.0474276656975 6.92565841174 0.0237138328488 -3.46282920587 0.000663293548919 0.000663293547887
45.89178356713427 0.635503470417 6.56851248041 -0.317751735208 -3.2842562402 4.5295661387e-05 4.52956614974e-05
45.99198396793587 1.24263388349 5.42789660107 -0.621316941743 -2.71394830054 6.88987248118e-05 6.88987248842e-05
46.09218436873748 1.70154626233 3.63985689143 -0.850773131163 -1.81992844572 7.82050364491e-05 7.82050365125e-05
46.192384769539075 1.9575031074 1.41766867962 -0.978751553702 -0.708834339807 8.45250210178e-05 8.45250210811e-05
46.29258517034068 1.97997572578 -0.97361086586 -0.989987862889 0.48680543293 8.98688184502e-05 8.98688185196e-05
46.392785571142284 1.76628386104 -3.24875970412 -0.883141930517 1.62437985206 9.55787151009e-05 9.55787151847e-05
46.49298597194389 1.34191562976 -5.13640720866 -0.670957814881 2.56820360433 0.00010397112604 0.000103971126156
46.59318637274549 0.757487539737 -6.41140263185 -0.378743769868 3.20570131593 0.00012442005969 0.000124420059902
46.6933867735471 0.08270988285 -6.92166282985 -0.0413549414249 3.46083141492 0.000443942900016 0.00044394290197
46.793587174348694 -0.601933041511 -6.60633143685 0.300966520756 3.30316571843 4.19632713103e-05 4.19632710447e-05
46.8937875751503 -1.2147793575 -5.50301953111 0.607389678749 2.75150976556 6.93887289406e-05 6.93887288132e-05
46.9939879759519 -1.68273080988 -3.74332607399 0.841365404941 1.871663037 7.9234183546e-05 7.92341834588e-05
47.09418837675351 -1.94997065529 -1.53713969204 0.974985327645 0.768569846019 8.59441745312e-05 8.59441744618e-05
47.19438877755511 -1.98462443649 0.852388772944 0.992312218245 -0.426194386472 9.16888461643e-05 9.16888461029e-05
47.294589178356716 -1.7825596597 3.14024548662 0.891279829851 -1.57012274331 9.75338277644e-05 9.75338277051e-05
47.394789579158314 -1.36787722458 5.05354396134 0.683938612289 -2.52677198067 0.000105959815601 0.000105959815537
47.49498997995992 -0.79003898445 6.36407145444 0.395019492225 -3.18203572722 0.000124972453233 0.000124972453148
47.59519038076152 -0.117968272329 6.91551557808 0.0589841361648 -3.45775778904 0.000339225361065 0.000339225360674
47.69539078156313 0.568173750015 6.64210032556 -0.284086875007 -3.32105016278 4.04908168255e-05 4.04908168677e-05
47.79559118236473 1.18654634542 5.57643683344 -0.593273172712 -2.78821841672 6.98364802552e-05 6.98364802563e-05
47.895791583166336 1.66339195121 3.84563133059 -0.831695975604 -1.9228156653 7.96942388501e-05 7.96942388373e-05
47.99599198396793 1.94183136167 1.65613656396 -0.970915680837 -0.828068281981 8.6946821951e-05 8.69468219284e-05
48.09619238476954 1.98865651526 -0.730897153239 -0.99432825763 0.365448576619 9.25758297379e-05 9.25758297052e-05
48.19639278557114 1.79828150507 -3.03075053377 -0.899140752535 1.51537526688 9.85930053522e-05 9.85930053047e-05
48.296593186372746 1.39341358631 -4.9691050607 -0.696706793154 2.48455253035 0.000107128163422 0.000107128163348
48.39679358717435 0.822343967082 -6.31476259632 -0.411171983541 3.15738129816 0.000125798531065 0.00012579853092
48.496993987975955 0.153188007061 -6.90721335092 -0.0765940035304 3.45360667546 0.000295025267336 0.000295025266462
48.59719438877755 -0.534239258568 -6.67579630051 0.267119629284 3.33789815026 3.53484819489e-05 3.5348482221e-05
48.69739478957916 -1.15794495124 -5.64811102919 0.578972475621 2.82405551459 6.91116767526e-05 6.91116768857e-05
48.79759519038076 -1.64353294215 -3.94673871186 0.821766471075 1.97336935593 8.12511242727e-05 8.12511243696e-05
48.897795591182366 -1.93308614946 -1.77461280668 0.966543074732 0.887306403339 8.8362962231e-05 8.83629623149e-05
48.99799599198397 -1.99206780224 0.609180144432 0.99603390112 -0.304590072216 9.39932938833e-05 9.39932939645e-05
49.098196392785574 -1.8134424271 2.92031285791 0.906721213551 -1.46015642895 9.99219012644e-05 9.99219013516e-05
49.19839679358717 -1.41851564684 4.88312010041 0.70925782342 -2.44156005021 0.000108303726534 0.00010830372664
49.298597194388776 -0.854393004019 6.26348428287 0.42719650201 -3.13174214144 0.000126184714269 0.000126184714433
49.39879759519038 -0.18836134073 6.89675944736 0.0941806703651 -3.44837972368 0.000260244011488 0.000260244012164
49.498997995991985 0.500136977868 6.70741175848 -0.250068488934 -3.35370587924 3.21125296237e-05 3.21125293992e-05
49.59919839679359 1.12898013444 5.71802661578 -0.564490067221 -2.85901330789 7.06264211129e-05 7.06264210289e-05
49.699398797595194 1.62316188093 4.0466151183 -0.811580940466 -2.02330755915 8.27697497994e-05 8.2769749753e-05
49.79959919839679 1.92373768783 1.89253777509 -0.961868843914 -0.946268887543 9.02282913079e-05 9.02282912795e-05
49.899799599198396 1.99485754901 -0.487271057811 -0.997428774506 0.243635528905 9.57816829037e-05 9.57816828875e-05
50.0 1.82803728124 -2.80896165796 -0.914018640618 1.40448082898 0.000101744321119 0.000101744321114
