0.0 0.7 0.0 0.1 0.0
0.17017017017017017 0.693292987273 -0.0782590164968 0.111102780963 0.129274237546
0.34034034034034033 0.673672372375 -0.151110213059 0.14343038805 0.248567215486
0.5105105105105106 0.642391005485 -0.214679279933 0.194843486804 0.352770440195
0.6806806806806807 0.60133920814 -0.265378081389 0.262375886729 0.437311416223
0.8508508508508509 0.552976410667 -0.300161529426 0.342347423049 0.498424583562
1.021021021021021 0.500207692064 -0.316903065257 0.430530385296 0.533498416113
1.1911911911911912 0.446195200251 -0.314766114571 0.522373463793 0.541388747296
1.3613613613613613 0.394115426322 -0.294429483512 0.613269077021 0.522577535428
1.5315315315315314 0.346900702774 -0.258062314268 0.698825854547 0.479097076678
1.7017017017017018 0.30700530278 -0.209049817995 0.775110605624 0.414235018382
1.8718718718718719 0.276234742039 -0.151551366107 0.838826328418 0.332105081255
2.042042042042042 0.255654874317 -0.0900231324822 0.887414839675 0.237206845468
2.2122122122122123 0.245577142505 -0.0288212473981 0.919090711833 0.134076852333
2.3823823823823824 0.245599648421 0.0280565437718 0.932827524706 0.0270757169334
2.5525525525525525 0.254680486941 0.0770995313108 0.928318681284 -0.0797059870253
2.7227227227227226 0.2712255425 0.115333554936 0.905928425304 -0.18247779763
2.8928928928928928 0.293182519993 0.140354980698 0.866638551011 -0.277780056539
3.063063063063063 0.318142856777 0.150394725851 0.811986435143 -0.362560606899
3.2332332332332334 0.343458186818 0.144424148623 0.743985050678 -0.434308512495
3.4034034034034035 0.36637699465 0.122279367455 0.665016868692 -0.491219552134
3.5735735735735736 0.384200753492 0.0847585799019 0.577700397546 -0.532344385088
3.7437437437437437 0.394451092821 0.0336469714714 0.484736608043 -0.557668384637
3.913913913913914 0.39503278404 -0.0283588152425 0.388750266503 -0.568088513698
4.084084084084084 0.384375416707 -0.0978229633924 0.292144312494 -0.565286143568
4.2542542542542545 0.361539175779 -0.170814453156 0.196983115384 -0.551520302372
4.424424424424425 0.326275695111 -0.24318505451 0.1049147026 -0.529383715754
4.594594594594595 0.279041014834 -0.310848781724 0.0171347720543 -0.501562440921
4.764764764764765 0.220962695095 -0.37004299526 -0.0656110187241 -0.470626443649
4.934934934934935 0.153764153133 -0.417561507836 -0.142992247294 -0.438863582112
5.105105105105105 0.079652615604 -0.450954965047 -0.215034756656 -0.40815544966
5.275275275275275 0.00117618578037 -0.468688953489 -0.282043677697 -0.379891258657
5.445445445445445 -0.0789414630358 -0.470244922309 -0.344514759374 -0.354916887437
5.615615615615615 -0.157977293779 -0.456146920557 -0.403040171467 -0.333520167489
5.7857857857857855 -0.233382705747 -0.427904417211 -0.458215004003 -0.315454918485
5.955955955955956 -0.302940445072 -0.387872762629 -0.510551278246 -0.300004906404
6.126126126126126 -0.364891863785 -0.339047969805 -0.560406010161 -0.286084062596
6.296296296296297 -0.418025427105 -0.28482195541 -0.607928882595 -0.272364625307
6.466466466466467 -0.461722215972 -0.228727155867 -0.653033313427 -0.25742129369
6.636636636636637 -0.495959327111 -0.174194227957 -0.695392178544 -0.239878637217
6.806806806806807 -0.521273546384 -0.124339832266 -0.734458531268 -0.218549365712
6.976976976976977 -0.538692647591 -0.0817924163539 -0.769507978084 -0.192552648801
7.147147147147147 -0.549640411531 -0.048559490854 -0.7996989362 -0.161404013224
7.317317317317317 -0.555822672108 -0.0259370471085 -0.824145320311 -0.125070985113
7.4874874874874875 -0.559101525226 -0.014460632029 -0.841995581278 -0.0839923001088
7.657657657657658 -0.561364671159 -0.0138978277651 -0.852511988413 -0.0390613323271
7.827827827827828 -0.564396912559 -0.0232800323423 -0.855144324595 0.00842158565966
7.997997997997998 -0.569760214941 -0.0409713324092 -0.849593246549 0.0568223556258
8.168168168168169 -0.578688471638 -0.0647719448345 -0.835859390693 0.104266590676
8.338338338338339 -0.592002689827 -0.0920537774938 -0.814275063276 0.148749924288
8.508508508508509 -0.610051654831 -0.119924772399 -0.785515963186 0.188263092419
8.67867867867868 -0.632682743662 -0.145416543681 -0.750590434556 0.220929376194
8.84884884884885 -0.659245860972 -0.165684076275 -0.710804722314 0.245148093772
9.01901901901902 -0.688631151746 -0.178200075824 -0.667704119344 0.259732351876
9.18918918918919 -0.71933787899 -0.180921831917 -0.6229922587 0.264024222618
9.35935935935936 -0.74956769308 -0.172409330866 -0.578434077863 0.257969707225
9.52952952952953 -0.77733289328 -0.151880625693 -0.535750368471 0.242140284844
9.6996996996997 -0.800568633087 -0.119205258818 -0.496513488852 0.217698941329
9.86986986986987 -0.817239720552 -0.0748505440782 -0.462053014036 0.18631967181
10.04004004004004 -0.825436073765 -0.0198069489537 -0.433377757448 0.150079221724
10.21021021021021 -0.823455680659 0.0444807771362 -0.411117049004 0.111341287666
10.38038038038038 -0.809877627759 0.116157872801 -0.395481401005 0.0726487563182
10.55055055055055 -0.783630109559 0.192977957472 -0.386240182526 0.0366279768082
10.72072072072072 -0.744056308596 0.272311117298 -0.382715100023 0.00589846678821
10.89089089089089 -0.690977946462 0.351172013883 -0.383789626621 -0.0170272546644
11.06106106106106 -0.624749698251 0.426302173848 -0.387937408354 -0.0298680224763
11.23123123123123 -0.546293176378 0.494330390159 -0.393274295495 -0.0307282446263
11.401401401401401 -0.457096699516 0.552013365971 -0.397638748506 -0.0182721414388
11.571571571571571 -0.359169083022 0.596527145436 -0.398701469794 0.00811066651233
11.741741741741741 -0.25494322658 0.62575595374 -0.394100024103 0.048185334598
11.911911911911911 -0.147135355943 0.638513808764 -0.381587294122 0.10083288898
12.082082082082081 -0.03857608352 0.634648536529 -0.359178369201 0.164108058577
12.252252252252251 0.067964753921 0.61500977561 -0.325279966037 0.23538348027
12.422422422422422 0.169937206674 0.581300582493 -0.278790124028 0.311546308576
12.592592592592593 0.265138600618 0.535860220965 -0.21916323731 0.389203738446
12.762762762762764 0.351801805237 0.481430724564 -0.146441840684 0.46486261523
12.932932932932934 0.428645472454 0.420947624704 -0.0612613495838 0.535067949517
13.103103103103104 0.494891910669 0.357369849886 0.0351657621735 0.596508274939
13.273273273273274 0.550259103187 0.293542097631 0.141082343178 0.646110224027
13.443443443443444 0.594930551084 0.23207167547 0.25423602642 0.68114653461
13.613613613613614 0.629504486855 0.175204124176 0.371949084096 0.699369461141
13.783783783783784 0.654921505983 0.124696733313 0.491212765439 0.699162124247
13.953953953953954 0.672371486044 0.081705728057 0.608807203353 0.679681266014
14.124124124124124 0.683184335853 0.0467133376424 0.721442317231 0.640955814433
14.294294294294295 0.688713548021 0.0195197937632 0.825909478417 0.583910420842
14.464464464464465 0.690224894308 -0.000688359599799 0.919229646529 0.510300621616
14.634634634634635 0.688802785919 -0.0152032252464 0.998783462818 0.422570293613
14.804804804804805 0.685283300942 -0.0256200636394 1.06241265294 0.323660049827
14.974974974974975 0.68021821849 -0.0336560428254 1.10848711016 0.216803767337
15.145145145145145 0.673868142889 -0.0409931827775 1.13593871591 0.105344887728
15.315315315315315 0.666218979224 -0.0491621860625 1.14426697728 -0.00740987559696
15.485485485485485 0.65701452639 -0.0594686459674 1.13352315614 -0.118297379272
15.655655655655655 0.645798710436 -0.0729509860264 1.1042789249 -0.224375432693
15.825825825825826 0.631963383348 -0.0903544804497 1.05758331663 -0.32298533559
15.995995995995996 0.614800157904 -0.112108211423 0.994909412099 -0.41181136527
16.166166166166168 0.593556270333 -0.13829852878 0.918091146786 -0.488942201008
16.336336336336338 0.567495483802 -0.168640843343 0.829248779993 -0.552931173355
16.506506506506508 0.535963051719 -0.202460480493 0.730705665415 -0.602844400837
16.676676676676678 0.49845229361 -0.238695478039 0.624898464255 -0.638284473571
16.846846846846848 0.454667922916 -0.275931579982 0.514286268133 -0.659381418923
17.017017017017018 0.404580359929 -0.312476025751 0.401264179217 -0.666746544495
17.187187187187188 0.348464167097 -0.346468283272 0.288087717853 -0.661393302352
17.35735735735736 0.286915142939 -0.376017924806 0.176812829971 -0.644635872133
17.52752752752753 0.220842657113 -0.399355399866 0.0692540959112 -0.617978158457
17.6976976976977 0.151436486388 -0.414978622368 -0.0330383025147 -0.583006070203
17.86786786786787 0.0801100095958 -0.42177861035 -0.128784121037 -0.54129311575
18.03803803803804 0.00842510834303 -0.419130795769 -0.216964342957 -0.494325259713
18.20820820820821 -0.061994961668 -0.406943100556 -0.296801459661 -0.443447546944
18.37837837837838 -0.129556990084 -0.385657102507 -0.367732497384 -0.389832767739
18.54854854854855 -0.19278550599 -0.35620432724 -0.429378491783 -0.334470592081
18.71871871871872 -0.250399737725 -0.319925579621 -0.481513674037 -0.278174422412
18.88888888888889 -0.301374512178 -0.278464284125 -0.52403712232 -0.221602665107
19.05905905905906 -0.3449815235 -0.233645570452 -0.556948990725 -0.165290997534
19.22922922922923 -0.380809777505 -0.187353695299 -0.580332862034 -0.109691052063
19.3993993993994 -0.408765705111 -0.141416940962 -0.594344932848 -0.0552113680757
19.56956956956957 -0.429054811735 -0.0975064465933 -0.599210049849 -0.00225649274912
19.73973973973974 -0.442147618335 -0.0570528360177 -0.595223965793 0.0487395723688
19.90990990990991 -0.44873281655 -0.0211826544568 -0.582760674466 0.0972888770208
20.08008008008008 -0.449661751808 0.0093259073101 -0.562282812681 0.142835777169
20.25025025025025 -0.445886703612 0.034066871707 -0.53435351492 0.184755735514
20.42042042042042 -0.438396965013 0.0530103194288 -0.499647312536 0.222366985183
20.59059059059059 -0.428155929939 0.0664860876611 -0.458958002219 0.25495461576
20.76076076076076 -0.416042687775 0.0751477372062 -0.413201423849 0.281805702418
20.93093093093093 -0.40280127312 0.0799183261755 -0.363411533015 0.302253019954
21.1011011011011 -0.389000598025 0.0819204857467 -0.310728461982 0.315724154288
21.27127127127127 -0.375007261953 0.082395391778 -0.256378104145 0.321791709008
21.44144144144144 -0.360972624136 0.0826160354874 -0.201643426439 0.320220108007
21.61161161161161 -0.346834914574 0.0838008965886 -0.147828309715 0.311004287726
21.78178178178178 -0.332335372929 0.0870342023932 -0.0962158921704 0.294396429321
21.95195195195195 -0.317047115729 0.0931973213929 -0.048023529445 0.270918279074
22.12212212212212 -0.300414507145 0.102914401976 -0.00435694725237 0.241358306852
22.29229229229229 -0.281800455487 0.116513422165 0.0338338850246 0.206754748318
22.46246246246246 -0.260539044822 0.134002474339 0.065794953617 0.168366744426
22.63263263263263 -0.235990940039 0.155060774401 0.0910026494973 0.127636033968
22.802802802802802 -0.207599068584 0.179044532029 0.109191026739 0.0861409223249
22.972972972972972 -0.174941975811 0.205009073348 0.120370651454 0.0455429177609
23.143143143143142 -0.137781740363 0.231750254551 0.124837512861 0.00752495417751
23.313313313313312 -0.0961031780376 0.25786690792 0.123170890618 -0.0262796448226
23.483483483483482 -0.0501404078039 0.281845915242 0.116218104117 -0.0543678567992
23.653653653653652 -0.000387362540121 0.302165902033 0.105065040168 -0.0754540918674
23.823823823823822 0.0524105826205 0.317411165136 0.0909915876445 -0.0885570026698
23.993993993993993 0.107283993943 0.326382160658 0.0754132574671 -0.0930758081986
24.164164164164163 0.163084419917 0.328186997741 0.0598113405228 -0.0888445118322
24.334334334334333 0.218542220634 0.322299784803 0.045656558896 -0.0761542495649
24.504504504504503 0.27233095998 0.308578365957 0.0343319135208 -0.0557394084318
24.674674674674673 0.323131311731 0.287241675464 0.0270609449471 -0.0287292314822
24.844844844844843 0.369688321657 0.258816577552 0.0248465324527 0.00342601997209
25.015015015015017 0.410858026789 0.224068671877 0.0284235974355 0.0390422710898
25.185185185185187 0.445642075948 0.183932993268 0.0382268776874 0.0762896112114
25.355355355355357 0.473211467554 0.139456652171 0.0543730378699 0.11327205947
25.525525525525527 0.492921975497 0.091759153042 0.0766553807151 0.148095336673
25.695695695695697 0.504324303974 0.0420088144843 0.104549076341 0.178924392124
25.865865865865867 0.507171059129 -0.00859110908285 0.137225894079 0.204035662718
26.036036036036037 0.501421607098 -0.0588173112206 0.173577504953 0.221871104974
26.206206206206208 0.487243623648 -0.107449839177 0.212248710419 0.231097687999
26.376376376376378 0.465009546351 -0.153309484169 0.25168123743 0.230672932492
26.546546546546548 0.435285493506 -0.195308421129 0.290168906633 0.21991179436
26.716716716716718 0.398810849998 -0.232507678701 0.325923676111 0.198545790974
26.886886886886888 0.356468208395 -0.264171307163 0.357150307347 0.166763516655
27.057057057057058 0.309245152112 -0.28980634683 0.382125645578 0.125222953142
27.227227227227228 0.258191066234 -0.309180249403 0.399277142713 0.0750302614371
27.3973973973974 0.204373100012 -0.322313510783 0.40725520171 0.0176870206701
27.56756756756757 0.148835415366 -0.329448171667 0.404993757231 -0.0449898621084
27.73773773773774 0.0925653191326 -0.33100337494 0.391756301289 -0.11095986278
27.90790790790791 0.036467363354 -0.327523606512 0.367165706028 -0.178055601495
28.07807807807808 -0.0186537267518 -0.319629900956 0.331218058894 -0.244072370185
28.24824824824825 -0.0721024158877 -0.307978382481 0.284282162121 -0.306846277215
28.41841841841842 -0.123295400617 -0.293227387724 0.227086782726 -0.364320151293
28.58858858858859 -0.171759728847 -0.276011152134 0.160697705468 -0.414599864484
28.75875875875876 -0.217126679998 -0.256916969863 0.0864855383615 -0.45600452567
28.92892892892893 -0.259121912809 -0.236462976235 0.00608542935143 -0.487113740546
29.0990990990991 -0.297551807694 -0.215075846315 -0.0786510931742 -0.506812482532
29.26926926926927 -0.332286044663 -0.193070275613 -0.165711726192 -0.514331282814
29.43943943943944 -0.363237228057 -0.17063407135 -0.252984886769 -0.509277527302
29.60960960960961 -0.390338702312 -0.147823466857 -0.338325578244 -0.491652401034
29.77977977977978 -0.41352272491 -0.124572283011 -0.419622544861 -0.461849329923
29.94994994994995 -0.432701507959 -0.100716414833 -0.494863425888 -0.420631783775
30.12012012012012 -0.447753625705 -0.0760318783477 -0.562194444006 -0.369091805405
30.29029029029029 -0.458517754029 -0.0502820998664 -0.619971675082 -0.308593306784
30.46046046046046 -0.464794899293 -0.0232682710516 -0.666801673117 -0.240706196578
30.63063063063063 -0.466358610471 0.00512334467461 -0.701571151431 -0.167137947581
30.8008008008008 -0.462973338756 0.0348833762734 -0.723464082011 -0.089668270261
30.97097097097097 -0.454417455143 0.0658535182714 -0.731969379124 -0.0100913180607
31.14114114114114 -0.440509868945 0.0977150293112 -0.72687898052 0.06983285858
31.31131131131131 -0.421137262658 0.129991655993 -0.708278625074 0.14841684808
31.48148148148148 -0.396279718359 0.162065647964 -0.676532881111 0.224075455666
31.65165165165165 -0.366032587765 0.193205389019 -0.632265764749 0.295347538419
31.82182182182182 -0.330622815816 0.222602366351 -0.576338214302 0.360911846822
31.99199199199199 -0.290418448197 0.249415191623 -0.50982329591 0.419598332264
32.16216216216216 -0.245930082499 0.272818432757 -0.4339797406 0.470395921188
32.332332332332335 -0.197803807065 0.292053022325 -0.35022440102 0.512457886052
32.5025025025025 -0.146805765114 0.306474773554 -0.26010396713 0.545105574986
32.672672672672675 -0.093798847976 0.315597509736 -0.165266125239 0.56783099311
32.84284284284284 -0.0397127469681 0.319126992024 -0.0674303438657 0.580298768705
33.013013013013015 0.0144907440103 0.316982449425 0.0316416421199 0.582347784298
33.18318318318318 0.0678548643469 0.309303838311 0.130175603586 0.573992502791
33.353353353353356 0.119465025185 0.296444245866 0.226414774056 0.555423781746
33.52352352352352 0.168483407192 0.278948207717 0.318649871791 0.527008708676
33.693693693693696 0.214178862043 0.257518695716 0.405248965555 0.489288848274
33.86386386386386 0.255950542426 0.232975857601 0.484686876409 0.442976310514
34.034034034034036 0.293343730061 0.206210810127 0.555573647911 0.388946980142
34.2042042042042 0.326058153336 0.178138559428 0.616681644661 0.328230903328
34.374374374374376 0.353947934701 0.149651660349 0.666970755637 0.261999573272
34.54454454454454 0.37701411671 0.121577314779 0.705611176215 0.191550397866
34.71471471471472 0.39539021335 0.0946387616131 0.732003349273 0.118288519783
34.88488488488488 0.409321422221 0.0694223450138 0.74579450939 0.0437057781661
35.05505505505506 0.419139368199 0.0463512325932 0.74689142603 -0.0306430164152
35.22522522522522 0.425232317021 0.0256670260913 0.735468892835 -0.103168313829
35.3953953953954 0.428013536131 0.00742195276362 0.711972842352 -0.172278851997
35.565565565565564 0.427889363753 -0.00851711572174 0.677117423945 -0.236420771859
35.73573573573574 0.425228779852 -0.0224510177992 0.631874771848 -0.294123860311
35.905905905905904 0.420337468886 -0.0348171520446 0.577456488214 -0.344053301613
36.07607607607608 0.413438017725 -0.046146249225 0.515285837202 -0.385065338978
36.246246246246244 0.404658380034 -0.0570112206637 0.446960521331 -0.416261941751
36.41641641641642 0.394029316003 -0.0679736807875 0.374206636537 -0.437039004356
36.586586586586584 0.381490270549 -0.0795340477225 0.298825611452 -0.447122909507
36.75675675675676 0.366903899922 -0.0920918554319 0.222635669491 -0.446588278318
36.926926926926924 0.350075401443 -0.105919772702 0.147412720344 -0.435856095987
37.0970970970971 0.330775203233 -0.121151985877 0.0748330521609 -0.415671729894
37.267267267267265 0.308762729584 -0.137785497653 0.00642114164263 -0.387065614295
37.43743743743744 0.283808913655 -0.155689846435 -0.056494618229 -0.351302880484
37.607607607607605 0.255716786806 -0.174620320962 -0.112817104883 -0.309827854043
37.77777777777778 0.224339833234 -0.194230594709 -0.161706315228 -0.264209150188
37.947947947947945 0.189598378867 -0.214082894658 -0.20259608572 -0.216088552062
38.11811811811812 0.151494450958 -0.233656228107 -0.235202625201 -0.167134572554
38.288288288288285 0.110125170076 -0.25235553271 -0.259525182108 -0.118999327865
38.45845845845846 0.0656942667626 -0.269526156381 -0.275839752289 -0.0732752586345
38.628628628628626 0.0185203483313 -0.284477296722 -0.284684974649 -0.0314490819536
38.7987987987988 -0.0309596504743 -0.296516392971 -0.286840005071 0.00514883193789
38.968968968968966 -0.0821939461495 -0.304993454909 -0.283293165191 0.035398653198
39.13913913913914 -0.13452724638 -0.309349959551 -0.275201601876 0.0584445859401
39.309309309309306 -0.187220307909 -0.309165327676 -0.263842297246 0.0737416390589
39.47947947947948 -0.239476716326 -0.304192584051 -0.250555998215 0.0810884980825
39.649649649649646 -0.290474171102 -0.294375566629 -0.236687461901 0.0806398656077
39.81981981981982 -0.339396914017 -0.279844480389 -0.2235253868 0.072895412984
39.989989989989986 -0.385465508281 -0.260890724284 -0.212246414276 0.0586659561905
40.16016016016016 -0.427960977517 -0.237926307098 -0.203866411561 0.039021205575
40.330330330330334 -0.466241390267 -0.211435857329 -0.199201550382 0.0152258213095
40.5005005005005 -0.499750157987 -0.181930873501 -0.198840996681 -0.0113275692903
40.670670670670674 -0.528017341049 -0.149913232616 -0.203130611692 -0.0391822920031
40.84084084084084 -0.550655877007 -0.115852720303 -0.212166975053 -0.066873639073
41.011011011011014 -0.567355293915 -0.080179570052 -0.225800110756 -0.0929753882784
41.18118118118118 -0.577875250822 -0.0432896681549 -0.243643313786 -0.116137845475
41.351351351351354 -0.582040835248 -0.00555886740029 -0.265089053101 -0.135119265019
41.52152152152152 -0.579740610119 0.0326396079491 -0.289329661846 -0.148814191251
41.691691691691695 -0.570927624285 0.0709188950721 -0.315382872098 -0.1562807648
41.86186186186186 -0.555622784053 0.108866844338 -0.342122007567 -0.156768036543
42.032032032032035 -0.533919656913 0.14604145572 -0.36831078458 -0.149743193433
42.2022022022022 -0.505989437971 0.181973349947 -0.392642615442 -0.13491661276
42.372372372372375 -0.472084962772 0.216174170317 -0.413783786036 -0.112261831231
42.54254254254254 -0.432542933826 0.248148839212 -0.43041936571 -0.0820271780702
42.712712712712715 -0.387783881342 0.277409415802 -0.44130017314 -0.0447362570447
42.88288288288288 -0.338309826973 0.303488761579 -0.445288839017 -0.00117620053867
43.053053053053056 -0.284699567836 0.325952956143 -0.441402655904 0.0476273371663
43.22322322322322 -0.22760214868 0.344412491649 -0.428851346906 0.100444779321
43.393393393393396 -0.167728358903 0.358532837315 -0.407068221448 0.155885461112
43.56356356356356 -0.105840486904 0.368045104033 -0.375733668619 0.212444129277
43.733733733733736 -0.042740203798 0.372757231848 -0.334790638989 0.26854799097
43.9039039039039 0.0207454811254 0.372565316605 -0.284452252488 0.32260172601
44.074074074074076 0.0837801152589 0.367463752581 -0.225202028998 0.373029192538
44.24424424424424 0.145535178828 0.357552197413 -0.15778734207 0.418311888973
44.414414414414416 0.205208220287 0.343037019443 -0.0832064729832 0.457025101242
44.58458458458458 0.262040630481 0.324225450586 -0.002689678568 0.487873168614
44.75475475475476 0.315333711252 0.301511469793 0.0823258092919 0.509724905181
44.92492492492492 0.364461717744 0.275354212094 0.170226768795 0.521649335232
45.0950950950951 0.408880689091 0.24625094966 0.259261082518 0.522950599379
45.26526526526526 0.448132475624 0.214708412701 0.347580515381 0.513199525776
45.43543543543544 0.481844086758 0.181216705262 0.433288308505 0.492258542993
45.605605605605604 0.509723084704 0.146229943021 0.514490227547 0.460296352467
45.77577577577578 0.531550485073 0.110156722855 0.58934702499 0.417789509381
45.945945945945944 0.547172984782 0.073361532519 0.65612594847 0.365509743482
46.11611611611612 0.556496307228 0.0361763227209 0.713248898237 0.304497412807
46.286286286286284 0.559481199084 -0.00108073825427 0.759335033648 0.236023663178
46.45645645645646 0.556142906615 -0.038083559418 0.793236301353 0.161545113765
46.626626626626624 0.546554286378 -0.0744779859381 0.81406490165 0.0826551261371
46.7967967967968 0.530851944911 -0.109867786178 0.821212280783 0.00103584685447
46.966966966966964 0.509243908725 -0.14380943439 0.814360537257 -0.0815862113403
47.13713713713714 0.482017414481 -0.175817430405 0.793486561204 -0.163479613542
47.307307307307305 0.44954483352 -0.205380043722 0.758859823045 -0.242941873141
47.47747747747748 0.412286170945 -0.231983578853 0.711034934741 -0.318328902409
47.647647647647645 0.370786874778 -0.255142303165 0.650839385054 -0.388081576186
47.81781781781782 0.325670524873 -0.274430190121 0.579357033126 -0.450751089989
47.987987987987985 0.277625918609 -0.289510857495 0.497907046006 -0.505024431586
48.15815815815816 0.227389703622 -0.3001616638 0.408018599476 -0.549750943155
48.328328328328325 0.175725549916 -0.30628939927 0.311400921676 -0.58396978233
48.4984984984985 0.123401492104 -0.307936036074 0.20990865591 -0.606937214611
48.668668668668666 0.0711671482524 -0.305274504096 0.105502724059 -0.618151822321
48.83883883883884 0.019732423142 -0.29859582306 0.000207247408782 -0.617375191357
49.009009009009006 -0.0302510903097 -0.288289977199 -0.103936473608 -0.604645704508
49.17917917917918 -0.0782048553745 -0.274823059394 -0.204917657832 -0.580282629232
49.349349349349346 -0.123634518189 -0.258713950095 -0.300803409639 -0.544880821895
49.51951951951952 -0.166136873474 -0.24051138548 -0.389784432457 -0.499294598851
49.689689689689686 -0.205403123862 -0.220772835523 -0.470217248282 -0.444612907738
49.85985985985986 -0.241218684311 -0.200044965919 -0.540661348692 -0.382128035845
50.030030030030034 -0.273459736419 -0.178844659815 -0.599910944154 -0.313300165708
50.2002002002002 -0.302086508136 -0.157640091437 -0.647020402297 -0.239720654624
50.370370370370374 -0.32713356755 -0.13683154102 -0.681323444987 -0.163076147703
50.54054054054054 -0.348696212348 -0.116732072005 -0.702446720292 -0.0851124041202
50.710710710710714 -0.366914516655 -0.0975513193416 -0.710316278123 -0.00760137073807
50.88088088088088 -0.381954506804 -0.0793829572982 -0.705159437296 0.0676949578305
51.051051051051054 -0.393987884554 -0.062200378624 -0.687499903174 0.1390624631
51.22122122122122 -0.403171937893 -0.0458626650816 -0.658146010482 0.204877490939
51.391391391391394 -0.409631431673 -0.0301323735541 -0.618171323437 0.263654494563
51.56156156156156 -0.413444480533 -0.0147044302457 -0.568886847098 0.314097367957
51.731731731731735 -0.414634130894 0.000756413271879 -0.511804348719 0.355151305459
51.9019019019019 -0.413166665678 0.0165744043393 -0.448591205587 0.386050173127
52.072072072072075 -0.408957166426 0.0330239814629 -0.381017665892 0.406352901264
52.24224224224224 -0.401880277676 0.0502987737288 -0.310899991058 0.415965059513
52.412412412412415 -0.39178613898 0.0684925261631 -0.240040639757 0.415140179598
52.58258258258258 -0.378517850667 0.0875937017455 -0.170170556081 0.404461515161
52.752752752752755 -0.36192907661 0.107492008997 -0.102895793364 0.384805977145
52.92292292292292 -0.34189963756 0.127993156515 -0.0396515589844 0.357295553537
53.093093093093096 -0.318348286527 0.148836908023 0.0183348004945 0.32324193589
53.26326326326326 -0.291242476711 0.169713506108 0.0700713179413 0.284090760902
53.433433433433436 -0.260605701615 0.190275579947 0.114819690727 0.241369476565
53.6036036036036 -0.22652326514 0.210144713938 0.152105159649 0.196640997379
53.773773773773776 -0.189147289789 0.228914329899 0.181719009363 0.151462780263
53.94394394394394 -0.148701322032 0.246152186291 0.203714464179 0.107349218925
54.114114114114116 -0.10548425615 0.261406359711 0.218396127885 0.0657346632167
54.28428428428428 -0.0598726973129 0.274218034217 0.226303103877 0.0279344999576
54.454454454454456 -0.0123205471775 0.284142148787 0.228185389075 -0.00489636103583
54.62462462462462 0.0366455940636 0.290775194799 0.224972860042 -0.0318065340733
54.7947947947948 0.0864363420138 0.29378615029 0.217736811348 -0.0520889908336
54.96496496496496 0.136414112149 0.292944481413 0.207645718108 -0.0653147874196
55.13513513513514 0.185912179104 0.288140454916 0.195915707486 -0.0713546837231
55.3053053053053 0.23425605786 0.279392313418 0.183758868917 -0.0703841520746
55.47547547547548 0.280784728865 0.266838750575 0.172332521032 -0.0628703233594
55.645645645645644 0.324869626394 0.250717465625 0.162691637633 -0.0495413508959
55.81581581581582 0.365928923705 0.231333975182 0.155748077129 -0.0313419625926
55.985985985985984 0.403436084523 0.209026942487 0.152238234067 -0.00938091808013
56.15615615615616 0.436922712129 0.184136201242 0.152699775582 0.0151240814138
56.326326326326324 0.465976554565 0.156978758133 0.157457627363 0.0408989177402
56.4964964964965 0.490236388519 0.127836282313 0.166618445719 0.0666591281034
56.666666666666664 0.509385796738 0.0969545096895 0.180072243377 0.0911486788606
56.83683683683684 0.523147765734 0.0645532563547 0.197499966953 0.113171457098
57.007007007007005 0.531281691249 0.0308440926448 0.218385982158 0.131617113407
57.17717717717718 0.533583773148 -0.00394834258165 0.242034616927 0.145483545495
57.347347347347345 0.529891064682 -0.0395653944702 0.267590401206 0.153898166993
57.51751751751752 0.520088782243 -0.0756971125118 0.294061900134 0.156139347348
57.687687687687685 0.504120096579 -0.111971090074 0.320349281552 0.15165840814
57.85785785785786 0.481997187466 -0.147948642098 0.345275614451 0.14010142732
58.028028028028025 0.45381233333 -0.183128364167 0.367621720412 0.121329109953
58.1981981981982 0.419747784319 -0.216956561293 0.386164187324 0.0954322941368
58.368368368368365 0.380083387634 -0.24884250778 0.399715272857 0.0627406665544
58.53853853853854 0.335201330223 -0.278177640715 0.40716371501 0.0238225129603
58.708708708708706 0.28558737132 -0.304356933664 0.407514610838 -0.0205254822465
58.87887887887888 0.231828336824 -0.326801316356 0.399926709888 -0.0692984362778
59.049049049049046 0.174605773187 -0.344980435108 0.383745458128 -0.121312058035
59.21921921921922 0.114685731597 -0.358435202729 0.358530646063 -0.175237957089
59.389389389389386 0.052904766808 -0.366799432763 0.324077597026 -0.22964273301
59.55955955955956 -0.00984756185609 -0.369819675502 0.280431664449 -0.283028347872
59.729729729729726 -0.0726493688545 -0.367371798461 0.227895786163 -0.333871962107
59.8998998998999 -0.134569511913 -0.359472485226 0.167031409804 -0.380664292131
60.070070070070074 -0.194692045556 -0.346283693449 0.0986530323657 -0.421946642773
60.24024024024024 -0.252140712513 -0.328108329214 0.0238164879138 -0.45634746184
60.410410410410414 -0.306101852262 -0.305376166003 -0.0561990499391 -0.482619485229
60.58058058058058 -0.355844145923 -0.278620412051 -0.13991542747 -0.499678110795
60.750750750750754 -0.400733611535 -0.248446522756 -0.225686580775 -0.506640658168
60.92092092092092 -0.440243024299 -0.215496753222 -0.311736068518 -0.502864814905
61.091091091091094 -0.473954960482 -0.180414380134 -0.396201193261 -0.48798324215
61.26126126126126 -0.501559312275 -0.143813012234 -0.477182103286 -0.461930345352
61.431431431431434 -0.522846212709 -0.106254514406 -0.552794646482 -0.424957585798
61.6016016016016 -0.537696227583 -0.0682385874861 -0.621224557948 -0.377634189041
61.771771771771775 -0.546069662623 -0.0302043747479 -0.680780566289 -0.320832353824
61.94194194194194 -0.547997199293 0.00745741523178 -0.729943621044 -0.255697831132
62.112112112112115 -0.543573225269 0.0443858275097 -0.767410013776 -0.183608952641
62.28228228228228 -0.532952467053 0.0802289513215 -0.792127027606 -0.106128247932
62.452452452452455 -0.516350060951 0.114626404542 -0.803319849743 -0.0249512882189
62.62262262262262 -0.494043972843 0.147198966128 -0.800510009929 0.0581431861617
62.792792792792795 -0.466378425682 0.177547984431 -0.783525515156 0.141339192969
62.96296296296296 -0.433766522155 0.205265072836 -0.752503609349 0.222824265096
63.133133133133136 -0.396690424684 0.229950525608 -0.707887088318 0.300825439565
63.3033033033033 -0.355697849687 0.251237564656 -0.650414721115 0.373641845546
63.473473473473476 -0.311394357579 0.268818303246 -0.581106454027 0.439675818542
63.64364364364364 -0.264431171274 0.28246746905 -0.501243114102 0.497464102632
63.813813813813816 -0.21548949053 0.292059848975 -0.412340760372 0.545710341665
63.98398398398398 -0.165262617487 0.297579042873 -0.316119488596 0.583318739207
64.15415415415416 -0.114437383897 0.299116664438 -0.214466425938 0.609427450722
64.32432432432432 -0.0636764389034 0.29686288931 -0.109393251649 0.623439319854
64.49449449449449 -0.0136027812661 0.291090480321 -0.00298891980613 0.625046744803
64.66466466466467 0.0352127114294 0.282135569166 0.102631090445 0.614247614275
64.83483483483484 0.0822602806132 0.270378226198 0.205377407148 0.591349195361
65.005005005005 0.127097395855 0.25622552395 0.303238695147 0.556959983425
65.17517517517517 0.169352072071 0.240097680413 0.39433135884 0.511968668564
65.34534534534535 0.208724203654 0.222417241896 0.476944849764 0.457513278718
65.51551551551552 0.244985158277 0.203600130986 0.549580836191 0.394942679605
65.68568568568568 0.277975793809 0.184046237017 0.610985256604 0.325774539025
65.85585585585585 0.307602914107 0.16412799468 0.6601738982 0.251653762963
66.02602602602603 0.333833371497 0.144176400128 0.696450343041 0.174312151879
66.1961961961962 0.356685700808 0.124464961491 0.719417640145 0.0955310257022
66.36636636636636 0.376218901569 0.105193509893 0.728983625559 0.0171059692285
66.53653653653653 0.392518798732 0.0864749543772 0.725360467962 -0.0591880320154
66.70670670670671 0.405682407423 0.0683281612985 0.709058006162 -0.131633759527
66.87687687687688 0.415802064532 0.0506801524375 0.68087055386 -0.198612183872
67.04704704704704 0.422950704633 0.0333789697591 0.641856443319 -0.258647567275
67.21721721721721 0.427170255512 0.0162171568974 0.593309452369 -0.310455959248
67.38738738738739 0.428464821293 -0.00103696154117 0.536722139172 -0.352993590911
67.55755755755756 0.426799504607 -0.0186043975718 0.473741025146 -0.385500938562
67.72772772772772 0.422105069789 -0.0366625958271 0.406115207147 -0.407536642063
67.89789789789789 0.41428765484 -0.0553196941238 0.335640389182 -0.418996354366
68.06806806806807 0.403242057259 -0.0745998219091 0.264101161144 -0.420113015242
68.23823823823824 0.388866370571 -0.0944406046169 0.193214966563 -0.411438376067
68.4084084084084 0.371076138722 -0.114701482613 0.124580620621 -0.393807839034
68.57857857857857 0.349816404935 -0.135179223124 0.0596339383412 -0.36829333257
68.74874874874875 0.325070861839 -0.155625882491 -0.000388076439416 -0.336150079352
68.91891891891892 0.29686804015 -0.175764808416 -0.0544738015149 -0.298762741097
69.08908908908909 0.265285136545 -0.195301567437 -0.101854557383 -0.257595248438
69.25925925925925 0.23045059342 -0.213929009959 -0.14201440407 -0.2141463823
69.42942942942943 0.192546138937 -0.231327691354 -0.174692582176 -0.169910930058
69.5995995995996 0.151809004608 -0.247164583799 -0.199879925292 -0.126344737726
69.76976976976977 0.108534243323 -0.261093598808 -0.217809300383 -0.0848312111738
69.93993993993993 0.0630765582594 -0.27276124132 -0.228940388401 -0.0466468163824
70.11011011011011 0.0158506015559 -0.281819175737 -0.233938411008 -0.0129244725371
70.28028028028028 -0.0326714128201 -0.287943366631 -0.233646511274 0.0153845221374
70.45045045045045 -0.0819659262396 -0.290857405821 -0.229051507243 0.037547411645
70.62062062062063 -0.131468000148 -0.290355461074 -0.221244080395 0.0530818474512
70.7907907907908 -0.180585015464 -0.286320559197 -0.21137402647 0.0617782995044
70.96096096096096 -0.228712760027 -0.278733568313 -0.200602759449 0.0637089200102
71.13113113113113 -0.275251954555 -0.267670489406 -0.190055907391 0.0592205892979
71.30130130130131 -0.319623432003 -0.253288381513 -0.180778158831 0.0489124446519
71.47147147147147 -0.361280061168 -0.235802370155 -0.173693253672 0.0336000076879
71.64164164164164 -0.399714345537 -0.21545843019 -0.169570865039 0.0142703036231
71.81181181181181 -0.434461379747 -0.192507242967 -0.169001594962 -0.00796707484909
71.98198198198199 -0.465097816478 -0.167183922618 -0.172380232258 -0.0319282846762
72.15215215215215 -0.491238140117 -0.139697090111 -0.179896972942 -0.0563991388074
72.32232232232232 -0.512529987668 -0.110228474727 -0.191535525681 -0.0801728886564
72.49249249249249 -0.528650264294 -0.0789425837182 -0.207077137831 -0.102081444146
72.66266266266267 -0.539303571613 -0.0460041107107 -0.226109414245 -0.121021231126
72.83283283283284 -0.544224104048 -0.0115997341935 -0.248039266821 -0.135975212438
73.003003003003 -0.543181281993 0.0240394738692 -0.272109341523 -0.146033540006
73.17317317317317 -0.535989055529 0.0606185116385 -0.297418061664 -0.150414406208
73.34334334334335 -0.522518036392 0.0977646522142 -0.322943239713 -0.148485968631
73.51351351351352 -0.502709366382 0.135021358153 -0.347569556659 -0.139789266969
73.68368368368368 -0.476588913825 0.171850555198 -0.370119891592 -0.124060894056
73.85385385385385 -0.444280350559 0.20764338574 -0.389390464732 -0.101253321348
74.02402402402403 -0.406015765677 0.241737725076 -0.404188875029 -0.0715502447228
74.1941941941942 -0.362142842881 0.273441388892 -0.413374272029 -0.0353743457084
74.36436436436436 -0.313127730396 0.302058918099 -0.415898020189 0.00661441713795
74.53453453453453 -0.259553185545 0.326920086006 -0.410843191258 0.0535310355472
74.70470470470471 -0.202111827806 0.347408664562 -0.397461098617 0.104287793171
74.87487487487488 -0.141594565234 0.362990073769 -0.375203228552 0.157625196995
75.04504504504504 -0.0788745032707 0.373236974091 -0.343747425935 0.212149022272
75.21521521521521 -0.0148867331836 0.377851553402 -0.303017402514 0.266370798128
75.38538538538539 0.0493952929795 0.376683250133 -0.253195238106 0.318749324016
75.55555555555556 0.112985904522 0.36974036374 -0.194726850985 0.367731630846
75.72572572572572 0.17491469671 0.357193894211 -0.12832059763 0.411792860055
75.89589589589589 0.234253889238 0.339372078059 -0.054939141803 0.449475571335
76.06606606606607 0.290143890665 0.316744702485 0.024215394253 0.47942946191
76.23623623623624 0.341815332122 0.289897348095 0.107723127781 0.500452439552
76.4064064064064 0.388605991148 0.259497111855 0.193975202914 0.511533162834
76.57657657657657 0.429971277232 0.226252772772 0.281209958542 0.51189375673
76.74674674674675 0.465487811634 0.190874036501 0.367556134461 0.501029773235
76.91691691691692 0.49485050404 0.154034593241 0.451082224751 0.478743640515
77.08708708708708 0.517863726372 0.116344080941 0.529850925726 0.445166704768
77.25725725725725 0.534428953119 0.078332249568 0.601975906741 0.400766623711
77.42742742742743 0.544530721625 0.0404477677977 0.665678456303 0.346336718469
77.5975975975976 0.548223719901 0.00306831572691 0.719340827755 0.282970274404
77.76776776776777 0.545622258867 -0.0334791662418 0.761554013297 0.212019624489
77.93793793793793 0.536893657977 -0.0688943173972 0.791157699606 0.135045998657
78.10810810810811 0.522255804663 -0.102880536106 0.807271297755 0.0537648392025
78.27827827827828 0.50197785213 -0.135128423736 0.809314737604 -0.0300087931026
78.44844844844845 0.476383402929 -0.165308553992 0.797022423608 -0.114410519455
78.61861861861861 0.445853590519 -0.193074974345 0.770446618508 -0.197572178336
78.78878878878879 0.410828957839 -0.218078337411 0.729955039848 -0.277661134977
78.95895895895896 0.37180834969 -0.239986189927 0.676221621754 -0.352915782009
79.12912912912913 0.329344213934 -0.25850577287 0.61021197666 -0.421677657222
79.29929929929929 0.284033722968 -0.273407316681 0.533162554259 -0.482425091371
79.46946946946947 0.236506528031 -0.284540851893 0.446554900868 -0.533804991529
79.63963963963964 0.187410261312 -0.291846688146 0.352084098598 -0.574667058516
79.8098098098098 0.13739478026 -0.295357463823 0.251621336659 -0.604097242899
79.97997997997997 0.0870969066465 -0.295192365171 0.147171024537 -0.621448380855
80.15015015015015 0.0371265898954 -0.291545710372 0.0408231929522 -0.626364919356
80.32032032032032 -0.0119446754422 -0.284672586095 -0.065297628379 -0.618798678329
80.49049049049049 -0.0595929423817 -0.27487435548 -0.169085268038 -0.599012993927
80.66066066066067 -0.105348537604 -0.262486194438 -0.268504341991 -0.567573954756
80.83083083083083 -0.14880100594 -0.247867270562 -0.361640157841 -0.525329692809
81.001001001001 -0.189602511582 -0.231393188162 -0.446744201823 -0.473379175576
81.17117117117117 -0.227470057328 -0.213449226443 -0.52227363684 -0.413033839696
81.34134134134135 -0.262186478005 -0.194422356412 -0.586923882703 -0.345775759544
81.51151151151151 -0.293599870619 -0.174690455155 -0.639654121242 -0.273215644657
81.68168168168168 -0.321620863343 -0.154607958719 -0.679705701673 -0.197052896674
81.85185185185185 -0.346217140761 -0.134488562914 -0.70661397557 -0.119038758814
82.02202202202203 -0.367405116467 -0.114586920101 -0.720214471439 -0.0409418358825
82.1921921921922 -0.385238260629 -0.0950820069244 -0.720642689549 0.0354851191102
82.36236236236236 -0.399793218728 -0.0760656747945 -0.708328757717 0.10853973648
82.53253253253253 -0.411154502346 -0.0575401635187 -0.683985260242 0.176607917993
82.70270270270271 -0.419399883122 -0.0394248541362 -0.648589212866 0.238205533726
82.87287287287288 -0.424587525068 -0.0215742320648 -0.603355882158 0.292023811599
83.04304304304304 -0.426747131566 -0.00380427406235 -0.549705051162 0.336975755242
83.21321321321321 -0.425876034205 0.0140761425647 -0.489219473027 0.372239471792
83.38338338338339 -0.421940688442 0.0322338604413 -0.423596629515 0.397293377772
83.55355355355356 -0.41488314384 0.0507850435664 -0.354595515347 0.411938410402
83.72372372372372 -0.404631312085 0.0697779862124 -0.28398103994 0.416303270897
83.89389389389389 -0.391111177305 0.0891867377517 -0.213469131776 0.410832080066
84.06406406406407 -0.374259239269 0.108915083738 -0.144675224254 0.396255400655
84.23423423423424 -0.354033572149 0.128808264595 -0.0790688925035 0.373548279705
84.4044044044044 -0.330422477365 0.148667932168 -0.0179365810743 0.343881206281
84.57457457457457 -0.303450686798 0.16826636605 0.0376474303299 0.308568454533
84.74474474474475 -0.273183450756 0.187356658275 0.0868412974614 0.269018501733
84.91491491491492 -0.239729313209 0.20567708427 0.129047660716 0.226689903182
85.08508508508508 -0.203242612872 0.222950695939 0.163918803265 0.183052435635
85.25525525525525 -0.163926309019 0.238882348396 0.191355625116 0.139552285197
85.42542542542543 -0.122035311803 0.253156648043 0.211500748199 0.0975791494732
85.5955955955956 -0.0778797769627 0.265440167357 0.224726281846 0.0584334793918
85.76576576576576 -0.0318276523053 0.275390365004 0.231615334788 0.0232904506
85.93593593593593 0.0156952662972 0.282672060508 0.232937862307 -0.00683612177179
86.10610610610611 0.0642082403855 0.286979126866 0.229619884726 -0.0311319339112
86.27627627627628 0.113182644085 0.288058772794 0.222706561654 -0.0490163125418
86.44644644644644 0.162052945186 0.285733215007 0.213320007237 -0.0601691205937
86.61661661661661 0.210230850947 0.279914294779 0.202613466591 -0.0645458988193
86.78678678678679 0.257121072126 0.270607718082 0.191724151922 -0.0623783418611
86.95695695695696 0.302136826705 0.257905733618 0.18172734465 -0.0541589886799
87.12712712712712 0.344713261993 0.241969931188 0.173594259333 -0.0406118342671
87.29729729729729 0.384317211723 0.22300717397 0.168156119354 -0.0226513369871
87.46746746746747 0.420452802051 0.201244813185 0.166075563992 -0.00133618593024
87.63763763763764 0.452662994989 0.176908898415 0.167826255 0.0221791476061
87.8078078078078 0.480528055634 0.150210196724 0.173680495443 0.0466898133965
87.97797797797797 0.503662444618 0.121340027985 0.183704165137 0.0709806852088
88.14814814814815 0.521711870212 0.0904760698689 0.197757929553 0.0938601970947
88.31831831831832 0.534352086253 0.0577965945752 0.215503720168 0.114188409314
88.48848848848849 0.541290602772 0.0235001425966 0.236415592648 0.130900935992
88.65865865865865 0.542271953451 -0.0121729733088 0.259794446607 0.143030786563
88.82882882882883 0.537086549118 -0.0489210387949 0.284786455447 0.149730034171
88.998998998999 0.525582449582 -0.0863664083909 0.310405240879 0.150292598007
89.16916916916917 0.507679005792 -0.124048294287 0.335558028681 0.144178336942
89.33933933933933 0.48338101797 -0.161424171706 0.359076004228 0.131037541398
89.50950950950951 0.45279192425 -0.19787959778 0.379748664876 0.110733859469
89.67967967967968 0.416124668564 -0.232745777516 0.396361838454 0.0833629688459
89.84984984984985 0.373708972357 -0.265322930599 0.407738295981 0.0492641070352
90.02002002002003 0.325994382217 -0.294907223016 0.412779455961 0.00902219475974
90.1901901901902 0.2735485337 -0.320819598946 0.410506617642 -0.0365410921719
90.36036036036036 0.217050453973 -0.342434574804 0.400099726788 -0.0863871254349
90.53053053053053 0.157279097063 -0.359207493808 0.380931901748 -0.139289938199
90.70070070070071 0.0950974471059 -0.370699342458 0.352598206141 -0.19387303267
90.87087087087087 0.0314326467305 -0.376598215092 0.314937827519 -0.248650752775
91.04104104104104 -0.0327470931961 -0.376736495648 0.268049152406 -0.302071261021
91.21121121121121 -0.096458238723 -0.371102150043 0.212297102534 -0.352559194757
91.38138138138139 -0.158728780984 -0.359843242294 0.148313776015 -0.398557034832
91.55155155155155 -0.218625358393 -0.343263767921 0.0769919021668 -0.438565502479
91.72172172172172 -0.275278559397 -0.321810054779 -0.000528316181183 -0.471183469628
91.89189189189189 -0.327905638514 -0.296046784732 -0.0828797482605 -0.495149859983
92.06206206206207 -0.375827612377 -0.266624912601 -0.168495468663 -0.509385655297
92.23223223223223 -0.418480928033 -0.23424321111 -0.255643375381 -0.513037214056
92.4024024024024 -0.455422169076 -0.199607175022 -0.342468492918 -0.505517961439
92.57257257257257 -0.486325792893 -0.163391558134 -0.427041148161 -0.486543475533
92.74274274274275 -0.510976242116 -0.126210198999 -0.507410914729 -0.456156900379
92.91291291291292 -0.529255871172 -0.08859747079 -0.581663455335 -0.414740172644
93.08308308308308 -0.541130765532 -0.0510038923644 -0.647977972025 -0.363007886779
93.25325325325325 -0.546637052886 -0.0138047485622 -0.704682089877 -0.301984346007
93.42342342342343 -0.545869650306 0.0226806314957 -0.750301422814 -0.232965209628
93.5935935935936 -0.538974770012 0.0581644973746 -0.783601760511 -0.157468786291
93.76376376376376 -0.526146666841 0.0923659950596 -0.803622366681 -0.0771812520002
93.93393393393393 -0.507628244714 0.124991709868 -0.809699770879 0.00609883682302
94.10410410410411 -0.483714231815 0.155725238336 -0.801482345634 0.0905127401152
94.27427427427428 -0.454755213391 0.184227293027 -0.778936553357 0.174188420177
94.44444444444444 -0.421160782608 0.210146205689 -0.742345601378 0.255281564702
94.61461461461461 -0.383400117803 0.233136460457 -0.692301554314 0.332011562213
94.78478478478479 -0.341999108742 0.25288159851 -0.629691776457 0.40269459302
94.95495495495496 -0.297533366734 0.269117671729 -0.555679680957 0.465775449678
95.12512512512512 -0.25061748021 0.281653156848 -0.471680090914 0.519859725157
95.29529529529529 -0.201891451349 0.290382466767 -0.379329096716 0.563746752663
95.46546546546547 -0.152005478244 0.295291512967 -0.280448286953 0.596462511543
95.63563563563564 -0.101604475179 0.296455469178 -0.177003507981 0.617290415336
95.8058058058058 -0.0513135354949 0.294030217165 -0.0710587656654 0.625797149731
95.97597597597597 -0.00172522220235 0.288239939338 0.0352736301895 0.62185044276
96.14614614614615 0.0466109457523 0.279363486635 0.139885080689 0.605626383715
96.31631631631632 0.0931965316381 0.26772191553 0.240722897486 0.577603456983
96.48648648648648 0.137590632762 0.253668062196 0.335840419474 0.538545951143
96.65665665665665 0.179414476352 0.237578108066 0.423443396694 0.489475544663
96.82682682682683 0.218354764682 0.219844085925 0.501930838817 0.431635427739
96.996996996997 0.254165686456 0.200865522613 0.569929348109 0.366449941538
97.16716716716716 0.286669296607 0.181038551258 0.626320336958 0.295483135579
97.33733733733733 0.31575379062 0.160741633901 0.670260425914 0.220398885597
97.50750750750751 0.34136900105 0.140318073088 0.701195143694 0.142923839551
97.67767767767768 0.36351892672 0.120056997835 0.718866882055 0.0648129443589
97.84784784784785 0.382250816168 0.100175220501 0.723316661914 -0.0121833777145
98.01801801801801 0.397641655956 0.0808033582019 0.714880729047 -0.0863527188318
98.18818818818819 0.409782744034 0.0619798709181 0.694180754363 -0.156056943722
98.35835835835836 0.418764322352 0.0436543703122 0.66210815783 -0.219772301012
98.52852852852853 0.424661397384 0.0257019535219 0.619800818568 -0.276133521321
98.69869869869869 0.427523018651 0.00794707046494 0.56861217536 -0.3239800506
98.86886886886887 0.427366204383 -0.00980624283123 0.51007251111 -0.362400739534
99.03903903903904 0.424175169316 -0.0277423051012 0.445843152609 -0.390772216551
99.2092092092092 0.41790580131 -0.0460048897071 0.377665049311 -0.408786076681
99.37937937937937 0.408494569416 -0.0646761043511 0.307303859814 -0.41646029495
99.54954954954955 0.395870054479 -0.0837657599165 0.236494718317 -0.414133102462
99.71971971971972 0.379965378379 -0.103211445921 0.166889499775 -0.402439686463
99.88988988988989 0.360729859654 -0.122887316062 0.100009295524 -0.382274625793
100.06006006006007 0.338138671122 -0.142617799555 0.0372041848019 -0.354744946967
100.23023023023023 0.31220006904 -0.162191915035 -0.020378623231 -0.321119171678
100.4004004004004 0.28296038742 -0.1813744928 -0.0718179342924 -0.282777199772
100.57057057057057 0.250507562955 -0.199912170263 -0.116433509211 -0.241164364593
100.74074074074075 0.214974112683 -0.217534290514 -0.153793720728 -0.197750754117
100.91091091091091 0.176540238935 -0.233950422075 -0.183716658044 -0.153995229789
101.08108108108108 0.135437451213 -0.248847732862 -0.20626536716 -0.111312183149
101.25125125125125 0.0919523911081 -0.261891716382 -0.22173744897 -0.0710385939437
101.42142142142143 0.0464300180935 -0.27273324729 -0.230648941159 -0.0343992799546
101.5915915915916 -0.000725007582199 -0.281022902146 -0.233712333767 -0.00247019452988
101.76176176176176 -0.0490499849148 -0.286432292404 -0.231807613018 0.0238602435372
101.93193193193193 -0.0980299233027 -0.288678537663 -0.225947489111 0.0439268252006
102.10210210210211 -0.147107236551 -0.287548020962 -0.217236696397 0.0573180530878
102.27227227227228 -0.195695235943 -0.282914599161 -0.206826853652 0.0638960232233
102.44244244244244 -0.243193889719 -0.274747935675 -0.195869273577 0.063802107099
102.61261261261261 -0.289005997441 -0.263110272282 -0.185468059104 0.0574469547866
102.78278278278279 -0.332551891321 -0.248142194597 -0.176636198346 0.0454853299985
102.95295295295296 -0.373280953886 -0.230040303682 -0.17025707791 0.0287784567845
103.12312312312312 -0.410678967296 -0.209031632026 -0.167053175056 0.00834843520009
103.29329329329329 -0.444271234667 -0.185349952151 -0.167562761229 -0.0146703319671
103.46346346346347 -0.473622113042 -0.159218592711 -0.172124919583 -0.0390781981789
103.63363363363364 -0.498332445995 -0.130842487737 -0.180872073873 -0.0636526828425
103.8038038038038 -0.51803648327 -0.100410505353 -0.193729294959 -0.0871847029866
103.97397397397397 -0.532400007232 -0.0681068332276 -0.210419171031 -0.108508516227
104.14414414414415 -0.541120987066 -0.0341291829847 -0.230471491119 -0.126527389691
104.31431431431432 -0.543933672751 0.00129029817533 -0.253236843275 -0.140235775061
104.48448448448448 -0.540616219912 0.0378646068545 -0.277904022393 -0.148741328766
104.65465465465465 -0.531001477048 0.075235731846 -0.303521200521 -0.151287521443
104.82482482482483 -0.514989981595 0.112965240422 -0.329021061562 -0.147277614231
104.994994994995 -0.492563863747 0.150533065156 -0.353250056574 -0.136299401319
105.16516516516516 -0.463800238491 0.187345203389 -0.375001963168 -0.118149019829
105.33533533533533 -0.428882542158 0.222748896782 -0.393055034828 -0.0928512369647
105.50550550550551 -0.388108789781 0.256054382731 -0.406212238653 -0.0606733761608
105.67567567567568 -0.341895702174 0.286560871426 -0.413343095605 -0.0221302526011
105.84584584584584 -0.290778200033 0.313584695265 -0.413425456081 0.0220216247928
106.01601601601601 -0.235404067344 0.336487831259 -0.405585375715 0.070801050342
106.18618618618619 -0.176523812276 0.354705154085 -0.389133077231 0.1230294443
106.35635635635636 -0.114976112319 0.367769681625 -0.36359369148 0.177366185246
106.52652652652652 -0.0516691720012 0.375334648597 -0.328731414354 0.232349271312
106.69669669669669 0.0124413483464 0.377191709758 -0.284566521651 0.286438282684
106.86686686686687 0.0763770796241 0.373283960371 -0.231385028914 0.338057482738
107.03703703703704 0.139163375785 0.363712582131 -0.169741123412 0.385637642991
107.2072072072072 0.199856227024 0.348735402794 -0.100452595308 0.427656639819
107.37737737737737 0.257568132642 0.328756242632 -0.0245893984093 0.462679584846
107.54754754754755 0.311491349491 0.304304398642 0.0565446382101 0.489399557526
107.71771771771772 0.360916831254 0.276004923393 0.141437154883 0.50667976056
107.88788788788789 0.405247467053 0.244541823681 0.228399876681 0.513596603898
108.05805805805805 0.444004716992 0.210617810643 0.31560849661 0.509481749699
108.22822822822823 0.476828412489 0.174915319384 0.40114941083 0.493959631578
108.3983983983984 0.503470403758 0.138063898497 0.483072130005 0.466976037426
108.56856856856857 0.523783547162 0.100618146807 0.559445471245 0.428813656752
108.73873873873873 0.537707982515 0.0630492927701 0.628415082514 0.380090996727
108.90890890890891 0.545257209339 0.0257502527326 0.688259272371 0.32174422125
109.07907907907908 0.546506025948 -0.0109478694121 0.737440382809 0.254993105082
109.24924924924925 0.541581976022 -0.0467521471218 0.774649212885 0.181294684603
109.41941941941941 0.530660980955 -0.0813826290103 0.798840972837 0.10228980126
109.5895895895896 0.51396709466 -0.114550883651 0.809261742261 0.0197473963965
109.75975975975976 0.491775188344 -0.145946606006 0.805465674594 -0.0644887228401
109.92992992992993 0.464415105198 -0.175234443554 0.787323625076 -0.148548673435
110.10010010010011 0.432275402686 -0.202061675918 0.755023790675 -0.230578777082
110.27027027027027 0.395804996345 -0.226074711521 0.709065717063 -0.308778896968
110.44044044044044 0.355511557872 -0.246941126951 0.650248408113 -0.381436055306
110.6106106106106 0.31195579796 -0.264373694821 0.579652650764 -0.44695618274
110.78078078078079 0.265741901865 -0.27815192253 0.498618128555 -0.503895925392
110.95095095095095 0.217504710905 -0.288138038655 0.408715018187 -0.550995177917
111.12112112112112 0.167894823451 -0.29428541872 0.311710019907 -0.587209914519
111.29129129129129 0.117562929967 -0.296639048907 0.209526916631 -0.611743693417
111.46146146146147 0.0671446386951 -0.295328649578 0.10420177597 -0.624075104334
111.63163163163163 0.0172471054305 -0.290557803982 -0.00216539387124 -0.62397824056
111.8018018018018 -0.0315624877611 -0.282590363849 -0.107462152391 -0.61153325702
111.97197197197197 -0.0787660574238 -0.271737530846 -0.209615666553 -0.587124948205
112.14214214214215 -0.123901689486 -0.258346315359 -0.306643685012 -0.551429422717
112.31231231231232 -0.166568900589 -0.242790392853 -0.396702094285 -0.505389192076
112.48248248248248 -0.206432494276 -0.22546214378 -0.478127484447 -0.450179588244
112.65265265265265 -0.243225067163 -0.206764383716 -0.549473553175 -0.387169727391
112.82282282282283 -0.276747940964 -0.187100084348 -0.609540543272 -0.31788130188
112.992992992993 -0.306870087802 -0.166858883601 -0.657397726416 -0.243948243526
113.16316316316316 -0.333524454595 -0.146400301975 -0.692399220154 -0.16707888131
113.33333333333333 -0.356701319313 -0.126034839213 -0.714193764636 -0.0890208510757
113.50350350350351 -0.376438288444 -0.10600516288 -0.722728480378 -0.0115280018725
113.67367367367368 -0.392807349976 -0.0864705101513 -0.718247170699 0.0636726133099
113.84384384384384 -0.405899743041 -0.0674979399796 -0.70128267402 0.13491591749
114.01401401401401 -0.415810267911 -0.0490626148732 -0.672643219222 0.200637671479
114.18418418418419 -0.422622368296 -0.0310588478095 -0.633391617861 0.259417488187
114.35435435435436 -0.426396044497 -0.0133212420096 -0.58481693796 0.310024733411
114.52452452452452 -0.427160121338 0.0043463965 -0.528398202221 0.351464303094
114.69469469469469 -0.424909701604 0.0221389049568 -0.465760765169 0.383017612203
114.86486486486487 -0.419609006336 0.0402191218925 -0.398626489726 0.404273982953
115.03503503503504 -0.411199056553 0.0586936506664 -0.32875958309 0.415147537371
115.2052052052052 -0.399608639897 0.0775986233473 -0.257911097522 0.415876729763
115.37537537537537 -0.384766687329 0.0968963630863 -0.187765092237 0.407006374677
115.54554554554555 -0.366614443025 0.116481627101 -0.119889115528 0.389354157497
115.71571571571572 -0.345115947387 0.136194156423 -0.0556914574699 0.363966088215
115.88588588588588 -0.32026615756 0.1558332009 0.00361348515317 0.332066234073
116.05605605605605 -0.292096713152 0.175170015156 0.0570311302336 0.295005853333
116.22622622622623 -0.260679965818 0.193955589893 0.103804206568 0.254215879231
116.3963963963964 -0.226132166868 0.211923134154 0.143422709484 0.211164465036
116.56656656656656 -0.188616574559 0.228786409818 0.175626960506 0.167319623663
116.73673673673673 -0.148347024261 0.244236864805 0.20040468977 0.124115319072
116.90690690690691 -0.105591816704 0.257943133145 0.217982361823 0.0829185570484
117.07707707707708 -0.0606772670349 0.269556018267 0.228810967356 0.0449952511595
117.24724724724724 -0.0139898823807 0.278720645493 0.233545929838 0.0114738359779
117.41741741741741 0.0340243821367 0.285096475555 0.233020051107 -0.0166930665946
117.58758758758759 0.0828645025327 0.288381003305 0.228210717122 -0.0387658324593
117.75775775775776 0.131982997896 0.288334773806 0.220200655066 -0.0542506986078
117.92792792792793 0.180798514152 0.284801878874 0.210133933987 -0.0629233794785
118.09809809809809 0.22871122119 0.277721715675 0.199168934947 -0.064839443967
118.26826826826827 0.275119144676 0.267129466045 0.188431171336 -0.0603293087868
118.43843843843844 0.319433713511 0.253145052164 0.178967955621 -0.0499775744234
118.6086086086086 0.361092617361 0.235952587008 0.171707723092 -0.0345884981153
118.77877877877877 0.399568559529 0.215774989315 0.167426409342 -0.0151421402577
118.94894894894895 0.434373674592 0.192849068658 0.166721672835 0.00725382457921
119.11911911911912 0.46506010665 0.167405572857 0.16999523051 0.0314124899955
119.28928928928929 0.491217894687 0.139658141448 0.177443278424 0.0561117421987
119.45945945945945 0.512471831819 0.109802279279 0.189053797746 0.0801326543767
119.62962962962963 0.528479002817 0.078024179569 0.204609932868 0.102291425421
119.7997997997998 0.538928493923 0.0445170098205 0.223698286413 0.121466046006
119.96996996996997 0.543544325179 0.00950141651082 0.245721476889 0.136619512688
120.14014014014015 0.542091830845 -0.0267535823835 0.269914380124 0.146821774463
120.31031031031031 0.534387584274 -0.0639128121018 0.295364315674 0.151271990514
120.48048048048048 0.520311703792 -0.101563327019 0.321034994001 0.1493221593
120.65065065065065 0.499821520587 -0.139210604789 0.345794586947 0.140501743987
120.82082082082083 0.472965167218 -0.176283451276 0.368448035382 0.124541950243
120.990990990991 0.439893640217 -0.212146973271 0.387773242035 0.101397350404
121.16116116116116 0.400870031973 -0.246122567363 0.402560604748 0.0712619330986
121.33133133133133 0.356274878651 -0.277512619736 0.411654531989 0.0345768658604
121.50150150150151 0.306607116116 -0.305627968604 0.413995424342 -0.00797201639292
121.67167167167167 0.252480232207 -0.329816286141 0.408660298364 -0.0554680344351
121.84184184184184 0.19461360424 -0.349489747687 0.394900152753 -0.106788082698
122.01201201201201 0.133819313737 -0.364150748344 0.372172358064 -0.160635929085
122.18218218218219 0.0709847799812 -0.373414889161 0.340166785015 -0.215581591352
122.35235235235236 0.00705180578268 -0.377030390065 0.298825031089 -0.270103923566
122.52252252252252 -0.0570072754901 -0.374892962154 0.248352423809 -0.322633847149
122.69269269269269 -0.120215688654 -0.367054250246 0.189222087714 -0.371596567567
122.86286286286287 -0.181618821058 -0.35372342587 0.122172879831 -0.415452447288
123.03303303303304 -0.240310591084 -0.335259398477 0.0481997699338 -0.452737041684
123.2032032032032 -0.295457575367 -0.312153501912 -0.0314623072043 -0.482101494147
123.37337337337337 -0.346319389786 -0.285002585932 -0.115361647064 -0.502354143107
123.54354354354355 -0.392263742884 -0.254474192738 -0.201860198869 -0.512503352228
123.71371371371372 -0.432775231526 -0.221267141281 -0.289171143492 -0.5118000601
123.88388388388388 -0.467457179857 -0.186071619979 -0.375403684496 -0.499777064833
124.05405405405405 -0.496027015192 -0.149534306437 -0.458613897258 -0.476280656481
124.22422422422423 -0.518306635738 -0.112232947005 -0.536859848632 -0.441490401668
124.3943943943944 -0.534209440887 -0.074663636979 -0.60825889393 -0.395923308205
124.56456456456456 -0.543726248469 -0.0372418021205 -0.671044313663 -0.340420904021
124.73473473473473 -0.546912573665 -0.000315699498536 -0.72361823491 -0.276119648087
124.90490490490491 -0.543879034269 0.0358118645748 -0.764598242437 -0.204408139848
125.07507507507508 -0.534785681935 0.0708582184168 -0.792856072565 -0.126875301541
125.24524524524524 -0.519840630553 0.104537802199 -0.807546945224 -0.0452549821417
125.41541541541541 -0.49930202902 0.136545936815 -0.808129640096 0.0386284220936
125.58558558558559 -0.473482031592 0.166552571439 -0.794377506479 0.122910057862
125.75575575575576 -0.442750874074 0.194206919312 -0.766381430551 0.205728822146
125.92592592592592 -0.407539276042 0.219151483297 -0.724545917478 0.285266057529
126.09609609609609 -0.368337956305 0.24104294956 -0.669578910125 0.359779994852
126.26626626626627 -0.325693154173 0.259576126501 -0.602475960875 0.42763780833
126.43643643643644 -0.280198122138 0.274506736134 -0.524498889732 0.487347210185
126.6066066066066 -0.232481201926 0.285669508963 -0.437149244064 0.537588697631
126.77677677677677 -0.183191327167 0.292989131859 -0.342136124084 0.577248358722
126.94694694694695 -0.132982311856 0.296483223038 -0.241338460134 0.605450019169
127.11711711711712 -0.0824973279402 0.296257454438 -0.136761841123 0.621584270103
127.28728728728728 -0.0323547503801 0.292495604546 -0.030491234624 0.625331520141
127.45745745745745 0.0168640787801 0.28544634348 0.075359696071 0.616676136231
127.62762762762763 0.0646245982283 0.275409576358 0.178700908038 0.595908413861
127.7977977977978 0.11044679118 0.262724551361 0.277517081177 0.563615309766
127.96796796796797 0.153911000729 0.247759719377 0.369916607335 0.520659062113
128.13813813813815 0.194662158557 0.230904400081 0.454175888242 0.468146013058
128.3083083083083 0.232412648302 0.212560671522 0.528777705641 0.407388908997
128.47847847847848 0.26694370045 0.193133796474 0.592442861399 0.339866236974
128.64864864864865 0.298104895502 0.173019716633 0.644154979777 0.267181169469
128.8188188188188 0.325811379087 0.152589466414 0.683178195631 0.191023437519
128.98898898898898 0.350037946636 0.132170197147 0.709069346439 0.113131954562
129.15915915915915 0.370809986268 0.112026739633 0.721682736353 0.035262895526
129.32932932932934 0.388191448306 0.0923443595345 0.721170667345 -0.0408439554563
129.4994994994995 0.402270175704 0.0732176476689 0.707977711912 -0.113499453903
129.66966966966967 0.413142138615 0.0546478947062 0.682828927897 -0.181102725428
129.83983983983984 0.420896027472 0.0365507913156 0.646711405164 -0.242182979002
130.01001001001 0.425600180061 0.0187749691149 0.600848144201 -0.295444941628
130.18018018018017 0.427293309023 0.00112869867501 0.546664400277 -0.33981506029
130.35035035035034 0.42598031334 -0.0165881822206 0.485746138802 -0.374484685081
130.52052052052053 0.421633573646 -0.0345524634565 0.41979184556 -0.398945045574
130.6906906906907 0.414199380581 -0.0528909701948 0.350559299478 -0.413008853216
130.86086086086087 0.403607964611 -0.0716629397737 0.27981048124 -0.416815606639
131.03103103103103 0.389785782617 -0.0908532021359 0.209256576211 -0.410818926112
131.2012012012012 0.372668019417 -0.110375791572 0.140506782118 -0.395757407654
131.37137137137137 0.35220978339 -0.130085109207 0.0750231869703 -0.37261275116
131.54154154154153 0.328394985169 -0.149790275765 0.0140837108221 -0.342560863459
131.7117117117117 0.301242916801 -0.169268818525 -0.0412468677329 -0.306920206287
131.8818818818819 0.270812679529 -0.18827606077 -0.0901366325724 -0.26710323243
132.05205205205206 0.237206580283 -0.206549267298 -0.131998871101 -0.224572026136
132.22222222222223 0.200573188055 -0.22380707642 -0.166497135019 -0.180799487546
132.3923923923924 0.16111073032 -0.239746700865 -0.193544049441 -0.137234561787
132.56256256256256 0.119070918942 -0.254042365777 -0.213294428066 -0.0952692419566
132.73273273273273 0.0747626849359 -0.266348411551 -0.226132742731 -0.0562049561248
132.9029029029029 0.0285547900566 -0.276309432902 -0.232654655717 -0.0212167994822
133.07307307307306 -0.0191238285816 -0.283577578074 -0.233642493113 0.00868424091492
133.24324324324326 -0.067787309937 -0.28783596471 -0.230033887585 0.0326893947614
133.41341341341342 -0.116900355338 -0.288823733711 -0.222884343058 0.0502267095891
133.5835835835836 -0.165889628239 -0.286358326264 -0.2133246008 0.0609879262809
133.75375375375376 -0.21415851461 -0.280350351198 -0.202514270468 0.0649433138845
133.92392392392392 -0.261103483632 -0.270807585493 -0.191594225468 0.0623414345815
134.0940940940941 -0.306130119152 -0.257827108394 -0.18164040096 0.0536929395752
134.26426426426426 -0.348666894835 -0.241577210051 -0.173621624051 0.0397399298538
134.43443443443442 -0.388175293014 -0.222272949744 -0.168363592947 0.0214145127619
134.60460460460462 -0.424155491951 -0.200150306443 -0.166520640865 -0.000208917078018
134.77477477477478 -0.456148021079 -0.175444339022 -0.168555592467 -0.0239622148859
134.94494494494495 -0.483732271021 -0.148375068957 -0.17472778947 -0.048629291287
135.11511511511512 -0.506523413588 -0.119143316704 -0.18508846343 -0.0729863889203
135.28528528528528 -0.524169528163 -0.0879366937076 -0.199482382743 -0.0958359050642
135.45545545545545 -0.536350463575 -0.0549439155028 -0.217554772654 -0.116034508487
135.62562562562562 -0.542779647958 -0.0203744381234 -0.238762645821 -0.132517178005
135.79579579579578 -0.543209428523 0.0155203473611 -0.262390013652 -0.144319271331
135.96596596596598 -0.537439851216 0.0524280510136 -0.287566771642 -0.150598490399
136.13613613613614 -0.525330403373 0.0899613070121 -0.313291633636 -0.150658178978
136.3063063063063 -0.506813329794 0.127651590736 -0.338458794831 -0.143971494383
136.47647647647648 -0.48190742134 0.164951332248 -0.361889035101 -0.130206043951
136.64664664664664 -0.450730719003 0.201244263688 -0.3823646516 -0.109246585462
136.8168168168168 -0.413510720992 0.235863825646 -0.398668267731 -0.0812129704923
136.98698698698698 -0.37059101511 0.268116113683 -0.409623651126 -0.0464707201876
137.15715715715714 -0.322433700095 0.297306877625 -0.414137812214 -0.0056317777368
137.32732732732734 -0.269617060146 0.322769703233 -0.41124219611 0.0404559019599
137.4974974974975 -0.212828406051 0.343894061476 -0.400131205122 0.0907296023579
137.66766766766767 -0.152852301934 0.36015168223 -0.380196226887 0.143942688107
137.83783783783784 -0.0905544850615 0.371120518232 -0.351053744498 0.198702361111
138.008008008008 -0.026861982379 0.376505416017 -0.312566747616 0.253511534659
138.17817817817817 0.0372598859802 0.376154591905 -0.264858969376 0.306812029583
138.34834834834834 0.100833070648 0.370070201885 -0.208321232703 0.357027161886
138.5185185185185 0.162893264105 0.358412377422 -0.143611425138 0.402602952411
138.6886886886887 0.222516637373 0.341494431644 -0.0716470445781 0.442048338159
138.85885885885887 0.27884463829 0.319768719724 0.00640874234711 0.473974999911
139.02902902902903 0.331106081351 0.293802297093 0.0891683777737 0.497139122403
139.1991991991992 0.378633623192 0.26424459615 0.175047803802 0.51048329877
139.36936936936937 0.420874775131 0.231788818605 0.262302066595 0.513179758945
139.53953953953953 0.457395888425 0.197132141797 0.349067422125 0.504670569955
139.7097097097097 0.48787963558 0.160937933618 0.433411189751 0.484702938663
139.87987987987987 0.512116570509 0.123807590002 0.513385082613 0.453352371604
140.05005005005006 0.529993020288 0.0862634399729 0.587082429918 0.411032189257
140.22022022022023 0.541477148088 0.0487455035844 0.652695225365 0.358485959502
140.3903903903904 0.546605571352 0.0116211143886 0.708568546561 0.296763191395
140.56056056056056 0.54547258848 -0.0247945039529 0.75324932968 0.227179129579
140.73073073073073 0.538223481619 -0.0602145046214 0.785527480523 0.15126642801
140.9009009009009 0.525051677109 -0.0943556697584 0.804468326222 0.0707197422497
141.07107107107106 0.506199855611 -0.126919840399 0.80943545426 -0.0126592189482
141.24124124124126 0.48196345139 -0.157584387064 0.80010448116 -0.0970133456297
141.41141141141142 0.452694875972 -0.186003467775 0.776468450515 -0.180476235516
141.5815815815816 0.418806610571 -0.211819517453 0.738835871456 -0.261212423536
141.75175175175175 0.380771665203 -0.234682395178 0.687822431802 -0.337452937976
141.92192192192192 0.339120379878 -0.254272795308 0.624336894766 -0.407527912996
142.0920920920921 0.294433101507 -0.270325858657 0.549561493035 -0.469898153709
142.26226226226225 0.247329168071 -0.282650973129 0.464926994068 -0.523187154119
142.43243243243242 0.198453038354 -0.291145055587 0.372082249664 -0.566213845887
142.60260260260262 0.148458837835 -0.295797907632 0.272858166984 -0.598025157974
142.77277277277278 0.0979946330146 -0.296689778928 0.16922631286 -0.617926361317
142.94294294294295 0.0476876984536 -0.293982263307 0.0632524751101 -0.625506268251
143.11311311311312 -0.00186819150873 -0.287906140786 -0.0429528743102 -0.620654314178
143.28328328328328 -0.0501234405429 -0.278747513845 -0.14728657858 -0.603566815381
143.45345345345345 -0.0965809502471 -0.26683516416 -0.247704624993 -0.574741048592
143.62362362362362 -0.140802416655 -0.25252970416 -0.34227207472 -0.534957443953
143.79379379379378 -0.182412982849 -0.236214889276 -0.429208924613 -0.485251101034
143.96396396396398 -0.22110449964 -0.218289631053 -0.506930463645 -0.426875768204
144.13413413413414 -0.25663737852 -0.199159083364 -0.574081137462 -0.361263628917
144.3043043043043 -0.288840708874 -0.179223196558 -0.629561324754 -0.289984134
144.47447447447448 -0.317610179907 -0.158861962956 -0.67254734511 -0.214704459795
144.64464464464464 -0.342903158693 -0.138417634683 -0.702504829192 -0.13715275785
144.8148148148148 -0.364730779853 -0.118175643235 -0.719196395316 -0.059083869642
144.98498498498498 -0.383146586864 -0.0983466880203 -0.722683138479 0.0177534773907
145.15515515515514 -0.398232646768 -0.0790533593052 -0.713320946541 0.0916503220718
145.32532532532534 -0.410083859991 -0.0603249556622 -0.691750371313 0.160974063549
145.4954954954955 -0.418792483127 -0.0421016920682 -0.658880561914 0.224208967908
145.66566566566567 -0.424433983589 -0.0242499731031 -0.615865523593 0.280000633097
145.83583583583584 -0.427056512908 -0.00658707008316 -0.564072717882 0.327202419402
146.006006006006 -0.426675140111 0.0110880643473 -0.505043826736 0.364920066704
146.17617617617617 -0.423271440867 0.0289624673668 -0.440448490264 0.392549717017
146.34634634634634 -0.416798449016 0.0471804412421 -0.372032450288 0.409804159065
146.5165165165165 -0.407189827128 0.0658227507492 -0.301562384599 0.416723656839
146.6866866866867 -0.394371689695 0.0848969212763 -0.230770903854 0.413667296529
146.85685685685687 -0.378275122666 0.104337368633 -0.161303779793 0.401290671937
147.02702702702703 -0.35884798389 0.124014786904 -0.0946726754695 0.380506443751
147.1971971971972 -0.336064559591 0.14375023462 -0.0322155730342 0.352436517519
147.36736736736736 -0.309932797848 0.163329191532 0.0249347550215 0.318361503376
147.53753753753753 -0.280499407817 0.182512901365 0.0758735857451 0.279669836025
147.7077077077077 -0.24785329558 0.201043782991 0.11993810172 0.237812956174
147.87787787787786 -0.212128727642 0.218646290021 0.156714997482 0.194264431887
148.04804804804806 -0.173508567149 0.235024431933 0.18604102972 0.150484084009
148.21821821821823 -0.132227950144 0.249859490071 0.207997858148 0.107884910386
148.3883883883884 -0.0885781211432 0.262811319903 0.222901312131 0.06779983599
148.55855855855856 -0.0429095501288 0.273526159227 0.231284729351 0.0314465376751
148.72872872872873 0.00436696951864 0.281651931791 0.233876213328 -0.000109758467144
148.8988988988989 0.0527823772171 0.286859949367 0.231569462364 -0.0259945052159
149.06906906906906 0.101815450997 0.288869927245 0.225388137373 -0.0455599959344
149.23923923923923 0.150903087034 0.287473621337 0.216444709188 -0.0584150201315
149.40940940940942 0.199454194452 0.282552474151 0.205894895432 -0.0644438922277
149.5795795795796 0.246865754171 0.27408505137 0.194890254629 -0.0638109145881
149.74974974974975 0.292539130686 0.262142753778 0.1845312669 -0.0569490269445
149.91991991991992 0.335894729478 0.246874582507 0.175823651538 -0.0445333563874
150.0900900900901 0.376383321737 0.228484076721 0.169640298224 -0.0274425366433
150.26026026026025 0.413493103113 0.207203383086 0.166690530547 -0.0067124543964
150.43043043043042 0.446752510379 0.183269638372 0.16749744422 0.0165125830946
150.60060060060061 0.475729483672 0.156908218456 0.172383593658 0.0410268300486
150.77077077077078 0.50002873189 0.12832541501 0.181464136487 0.0656051949218
150.94094094094095 0.519288591956 0.0977114407459 0.19464669646 0.0890390513099
151.11111111111111 0.533179201238 0.0652524005642 0.211636733846 0.11016584921
151.28128128128128 0.541403288358 0.0311488500794 0.231947658559 0.127894477609
151.45145145145145 0.543700428888 -0.00436322162182 0.254914840277 0.141227351907
151.6216216216216 0.539854833388 -0.0409921843748 0.279713408607 0.149282435989
151.79179179179178 0.529706229007 -0.078375032216 0.305379826166 0.151315937454
151.96196196196198 0.513162871828 -0.116068568348 0.330837448032 0.146746336436
152.13213213213214 0.490215352682 -0.153548849362 0.354926211575 0.135179046919
152.3023023023023 0.460949801691 -0.190219292319 0.376436502308 0.116429930866
152.47247247247248 0.42555896141 -0.225426543613 0.394146755369 0.0905450381745
152.64264264264264 0.384350066331 -0.258482274306 0.406863786796 0.0578137442194
152.8128128128128 0.337748639503 -0.288689199446 0.413464709695 0.0187726400139
152.98298298298297 0.286297637309 -0.315369151952 0.412938583452 -0.0258012794886
153.15315315315314 0.230651788131 -0.337891265222 0.404425942551 -0.0749086618146
153.32332332332334 0.171567219923 -0.355699031194 0.3872543715 -0.127355879757
153.4934934934935 0.109886652177 -0.368335119949 0.360968600584 -0.181791000891
153.66366366366367 0.0465206213645 -0.375463154186 0.325353998696 -0.236744653057
153.83383383383384 -0.0175746763269 -0.37688554618 0.280452932726 -0.290673047953
154.004004004004 -0.0814221761172 -0.372556186824 0.226573757705 -0.342000893231
154.17417417417417 -0.144050345689 -0.362586595767 0.164292613318 -0.389163033033
154.34434434434434 -0.204519970392 -0.347243986561 0.094448248374 -0.430644843219
154.5145145145145 -0.261949821902 -0.326939996364 0.0181300190521 -0.465022235706
154.6846846846847 -0.315539598183 -0.302209582796 -0.0633409839984 -0.491002443858
154.85485485485486 -0.364588402577 -0.273680905792 -0.148437770727 -0.507466029764
155.02502502502503 -0.408507586689 -0.24203816348 -0.23546073943 -0.513510027914
155.1951951951952 -0.446826830317 -0.207981694355 -0.322577825423 -0.508489341519
155.36536536536536 -0.479193686666 -0.172188906789 -0.407872082604 -0.492054192224
155.53553553553553 -0.505366628209 -0.135282963182 -0.489394061174 -0.464177141097
155.7057057057057 -0.525204000958 -0.0978116640234 -0.565218184724 -0.425167509811
155.87587587587586 -0.538650336709 -0.0602400026614 -0.633500139659 -0.375669076126
156.04604604604606 -0.545722572597 -0.0229562058857 -0.692532384137 -0.316640594039
156.21621621621622 -0.546498333594 0.0137108479165 -0.740794907328 -0.249320377519
156.3863863863864 -0.541107835793 0.0494682888723 -0.776998957772 -0.175179962023
156.55655655655656 -0.529729863564 0.0840340334987 -0.800122230187 -0.0958700634068
156.72672672672672 -0.512591798992 0.117115974197 -0.809434658858 -0.0131651945899
156.8968968968969 -0.489972550392 0.148399412312 -0.804514880817 0.0710893364383
157.06706706706706 -0.46220673053 0.177544933793 -0.785258146865 0.155025358337
157.23723723723722 -0.429688268117 0.204196956686 -0.751876500975 0.236793805164
157.40740740740742 -0.39287182376 0.228000792443 -0.704892408327 0.31460158269
157.57757757757759 -0.352270777481 0.248625231115 -0.645126340665 0.386744844091
157.74774774774775 -0.308451147198 0.265786513246 -0.573678844267 0.451640695687
157.91791791791792 -0.262021659421 0.279269622987 -0.491907280576 0.507859009659
158.08808808808809 -0.213620634044 0.288943816025 -0.401397091162 0.554154987089
158.25825825825825 -0.163900864738 0.294770479464 -0.303927482359 0.589501959515
158.42842842842842 -0.113513798004 0.296802800574 -0.201431510388 0.613122694293
158.59859859859858 -0.0630944876768 0.295178701738 -0.0959512699654 0.624516526602
158.76876876876878 -0.0132481400552 0.29010926403 0.0104108953919 0.62347923712
158.93893893893895 0.0354612247333 0.281865071729 0.115543892572 0.610112833964
159.1091091091091 0.0825197426623 0.270762933707 0.217379998033 0.584823544409
159.27927927927928 0.127470573359 0.257154601667 0.313945580124 0.548307402716
159.44944944944945 0.169919042559 0.241417455804 0.403408341617 0.501524887921
159.6196196196196 0.209536293191 0.223946457194 0.484119513179 0.445666811113
159.78978978978978 0.246061591202 0.20514572076 0.554649843265 0.382115073287
159.95995995995995 0.279303047227 0.185418046507 0.613818657003 0.312401440245
160.13013013013014 0.30913623628 0.165151190526 0.660715782611 0.238167224953
160.3003003003003 0.33550025838 0.144700922913 0.694716964191 0.161125637093
160.47047047047047 0.358390703915 0.124372052135 0.71549309883 0.083026923265
160.64064064064064 0.377849367148 0.104399842502 0.723013719458 0.00562527751011
160.8108108108108 0.393951084268 0.0849348690401 0.717544962122 -0.0693543317065
160.98098098098097 0.406788372689 0.0660351497315 0.699641320091 -0.140251703008
161.15115115115114 0.416455838541 0.0476671311494 0.670131666878 -0.20551061019
161.32132132132134 0.423035327169 0.0297177264235 0.630097777552 -0.263722185601
161.4914914914915 0.426584168247 0.0120162738848 0.580845399091 -0.313671048649
161.66166166166167 0.427127805317 -0.00563604180393 0.523867363316 -0.354380987911
161.83183183183183 0.424657766852 -0.0234337821233 0.460799320499 -0.385155509742
162.002002002002 0.419134977543 -0.0415368791093 0.39336945092 -0.405608344109
162.17217217217217 0.410497880564 -0.0600471136483 0.32334398357 -0.415678939333
162.34234234234233 0.398673572419 -0.0789946552369 0.252471738884 -0.415630777737
162.5125125125125 0.38359034993 -0.0983355568011 0.182430400102 -0.406032007046
162.6826826826827 0.365189867491 -0.117958712487 0.11477739361 -0.38772083156
162.85285285285286 0.343437499609 -0.1376988054 0.0509076987041 -0.361760244642
163.02302302302303 0.318330324886 -0.157350908076 -0.00798015863486 -0.329387423219
163.1931931931932 0.289902754302 -0.176682815884 -0.060909385778 -0.291962897676
163.36336336336336 0.258230463462 -0.195442432111 -0.10714176628 -0.250923324764
163.53353353353353 0.223433541326 -0.213359963262 -0.146187046425 -0.207739369285
163.7037037037037 0.185679599867 -0.23014609594 -0.177805454011 -0.163878668653
163.87387387387386 0.145187342355 -0.245489286596 -0.202004348946 -0.120771992805
164.04404404404406 0.102230429584 -0.259055591297 -0.219029073436 -0.0797803260361
164.21421421421422 0.0571409087057 -0.27049425887 -0.22934821045 -0.0421605402891
164.3843843843844 0.0103110819591 -0.279450732083 -0.233632787167 -0.00902873651809
164.55455455455456 -0.0378074177405 -0.285586623836 -0.232729122427 0.0186779964737
164.72472472472472 -0.0867085709917 -0.288604261066 -0.227624979838 0.0402387603311
164.8948948948949 -0.135840874304 -0.288271094485 -0.219410145338 0.0551809648829
165.06506506506506 -0.184620240707 -0.284439698624 -0.20923206596 0.0633030338767
165.23523523523522 -0.23244564354 -0.277058744924 -0.198248514657 0.0646837231441
165.40540540540542 -0.278715497573 -0.266172253842 -0.187580471482 0.0596755498428
165.57557557557558 -0.322843043923 -0.251907506597 -0.178267067368 0.0488827829844
165.74574574574575 -0.364268818524 -0.234453940729 -0.171225610407 0.0331261046448
165.91591591591592 -0.402469078726 -0.214037543117 -0.16721844207 0.0133981676341
166.08608608608608 -0.4369598566 -0.190896011022 -0.166827788081 -0.00918496212341
166.25625625625625 -0.467297200978 -0.165259490779 -0.170438885359 -0.0334317530902
166.42642642642642 -0.493074875404 -0.137340198607 -0.178230936833 -0.0581190340247
166.59659659659658 -0.513921157812 -0.10733228058 -0.190175024427 -0.082029720036
166.76676676676678 -0.529496429792 -0.0754213285218 -0.206037905679 -0.103984437482
166.93693693693695 -0.539493083117 -0.0418011693348 -0.225390745046 -0.12286764946
167.1071071071071 -0.543638688477 -0.00669456908682 -0.247621990347 -0.137650723615
167.27727727727728 -0.541702586912 0.0296258815207 -0.271953897703 -0.147413789694
167.44744744744744 -0.533506097474 0.0668204399752 -0.297463097111 -0.151368071212
167.6176176176176 -0.518934882555 0.10447101753 -0.323104790727 -0.148879541869
167.78778778778778 -0.497952718147 0.142078011428 -0.347741201158 -0.139493531782
167.95795795795794 -0.47061499043 0.179065817821 -0.370174167955 -0.122958830154
168.12812812812814 -0.437080611806 0.21479629714 -0.389181597849 -0.0992489257327
168.2982982982983 -0.397621004864 0.248589193537 -0.403557196709 -0.068577427549
168.46846846846847 -0.352625172355 0.279747004297 -0.412152013305 -0.0314050663293
168.63863863863864 -0.302600338372 0.307582567291 -0.413916352317 0.0115637128145
168.8088088088088 -0.248167778254 0.331447417075 -0.407940161392 0.0593954263679
168.97897897897897 -0.190053848766 0.350759349383 -0.393490022411 0.110952715121
169.14914914914914 -0.129076514248 0.365027996127 -0.370041054771 0.164928169966
169.3193193193193 -0.0661277222286 0.373877630371 -0.337302503731 0.219884002754
169.4894894894895 -0.00215222017195 0.377066332805 -0.295236369588 0.274294699509
169.65965965965967 0.061876474422 0.374500535896 -0.244068822756 0.326590161099
169.82982982982983 0.1249822615 0.366243044377 -0.184293774174 0.375197745147
170.0 0.186213099537 0.352514010222 -0.116670200301 0.418583014951
