0.0 1.0 0.0 -0.5 0.0
0.05005005005005005 0.995475951048 -0.180576180255 -0.496184846791 0.15228234028
0.1001001001001001 0.981965499851 -0.358690123906 -0.484790961903 0.302506031246
0.15015015015015015 0.959651902924 -0.531961018581 -0.46597163996 0.448676482882
0.2002002002002002 0.928834113911 -0.698164552649 -0.439977287815 0.588922292982
0.2502502502502503 0.889917042741 -0.855294528696 -0.407147738995 0.721543880721
0.3003003003003003 0.843399655188 -1.00160795277 -0.367902882405 0.845049264739
0.35035035035035034 0.78986088644 -1.13565036374 -0.322731540165 0.958174467382
0.4004004004004004 0.729945200906 -1.25626014877 -0.272180040979 1.05988756522
0.45045045045045046 0.664348083942 -1.36255593785 -0.216840703001 1.14937960969
0.5005005005005005 0.593802681459 -1.45390858809 -0.15734117276 1.22604360566
0.5505505505505506 0.519068041785 -1.52990299966 -0.0943349715888 1.28944565283
0.6006006006006006 0.440919654223 -1.59029215005 -0.0284937778237 1.33929015489
0.6506506506506506 0.360142063364 -1.63495394972 0.0394987192504 1.37538735627
0.7007007007007007 0.277523655834 -1.66384920573 0.108951340295 1.39762193133
0.7507507507507507 0.193853455598 -1.67698781238 0.179168444346 1.40592820259
0.8008008008008008 0.109919273339 -1.67440492022 0.249451984099 1.40027329214
0.8508508508508509 0.0265068044319 -1.65614966378 0.319102912278 1.38065030129
0.9009009009009009 -0.0556010770263 -1.6222865887 0.387422539769 1.34708151976
0.950950950950951 -0.135625409771 -1.57290991599 0.453714304971 1.29963174515
1.001001001001001 -0.212793183889 -1.50816884975 0.517286379032 1.23843018408
1.0510510510510511 -0.286340918398 -1.42830219802 0.577455582948 1.16369949108
1.1011011011011012 -0.355520212051 -1.33367949455 0.633552957855 1.07578961478
1.1511511511511512 -0.419605258302 -1.22484305939 0.68493091022 0.975211860343
1.2012012012012012 -0.477902621381 -1.10254851721 0.730972202082 0.862671141143
1.2512512512512513 -0.529762705365 -0.967797284078 0.771100250259 0.739091137415
1.3013013013013013 -0.574592761726 -0.82185758428 0.804790613315 0.605629553368
1.3513513513513513 -0.611870081705 -0.666269698563 0.831582496623 0.463680127269
1.4014014014014013 -0.641155782551 -0.50283379297 0.851090661536 0.314859921715
1.4514514514514514 -0.662106856504 -0.333578670521 0.863015733602 0.160980886293
1.5015015015015014 -0.674486778013 -0.160711692792 0.867153207482 0.00400574813612
1.5515515515515514 -0.678172593693 0.0134444715851 0.863399394516 -0.154006734075
1.6016016016016017 -0.673158952014 0.186524871426 0.851754732634 -0.310964479404
1.6516516516516517 -0.659558297916 0.356199265595 0.832323811555 -0.464807846235
1.7017017017017018 -0.637597344928 0.520245200289 0.805312225096 -0.613571884565
1.7517517517517518 -0.607609870182 0.676614873869 0.771020286887 -0.755443270475
1.8018018018018018 -0.570026748386 0.823484113082 0.729834400517 -0.888802116466
1.8518518518518519 -0.52536379408 0.959286773237 0.682216547664 -1.01225157071
1.901901901901902 -0.474208406235 1.08272904735 0.628692735967 -1.12463056703
1.951951951951952 -0.417205983622 1.19278840559 0.569841221973 -1.22501369476
2.002002002002002 -0.35504659424 1.28869018564 0.506280896288 -1.3126923286
2.052052052052052 -0.288453571415 1.36988010749 0.438661262628 -1.38715227719
2.1021021021021022 -0.218173269358 1.43598392657 0.367653346764 -1.4480405555
2.1521521521521523 -0.144967136201 1.48676559725 0.293942525623 -1.495130774
2.2022022022022023 -0.0696058451445 1.52208663079 0.218223062083 -1.52828933356
2.2522522522522523 0.0071346861576 1.54187091453 0.141194213988 -1.54744595832
2.3023023023023024 0.0844757102675 1.54607812209 0.0635576630388 -1.5525712074
2.3523523523523524 0.161637047143 1.53468865378 -0.0139841875212 -1.54366337204
2.4024024024024024 0.237837935895 1.50769990693 -0.0907294295938 -1.52074463086
2.4524524524524525 0.312298095275 1.46513596154 -0.165978003198 -1.48386822477
2.5025025025025025 0.384239557307 1.40706878275 -0.239033636299 -1.43313504882
2.5525525525525525 0.452889718548 1.33364862246 -0.309206721181 -1.36871778063
2.6026026026026026 0.517486265348 1.24514373709 -0.375818748235 -1.29089288386
2.6526526526526526 0.577284247279 1.14198406391 -0.43820847396 -1.20007589393
2.7027027027027026 0.631565073443 1.02480118792 -0.495739537531 -1.09685349038
2.7527527527527527 0.679647611819 0.894466374089 -0.547809882076 -0.982014424899
2.8028028028028027 0.72090076515 0.75211740155 -0.593862329419 -0.856571263022
2.8528528528528527 0.754757607753 0.599172622965 -0.633396439523 -0.721771779091
2.9029029029029028 0.780729225562 0.437325855556 -0.665980111247 -0.57909476343
2.952952952952953 0.798417737496 0.268522782331 -0.691260514128 -0.430230737639
3.003003003003003 0.807528159304 0.0949191538188 -0.708974082956 -0.277047732089
3.053053053053053 0.807877485514 -0.0811777159956 -0.718954227775 -0.121543300437
3.103103103103103 0.79940047939 -0.257380208985 -0.72113633968 0.0342141068016
3.1531531531531534 0.782151841132 -0.431297829817 -0.71555981132 0.188149087366
3.2032032032032034 0.756304330295 -0.600615453183 -0.702366708296 0.338244262672
3.2532532532532534 0.722143187107 -0.763165035245 -0.681797355701 0.48260028863
3.3033033033033035 0.680057196024 -0.916985064891 -0.654183099276 0.619486228789
3.3533533533533535 0.630527098609 -1.06036397788 -0.619936801817 0.7473771713
3.4034034034034035 0.574112707913 -1.19186407905 -0.579542170169 0.864976093769
3.4534534534534536 0.511438709899 -1.31032729685 -0.533541882543 0.971221135364
3.5035035035035036 0.44318097914 -1.41486259649 -0.48252600961 1.06527782894
3.5535535535535536 0.370053928543 -1.50481930285 -0.427121160931 1.14651970437
3.6036036036036037 0.292799248123 -1.57974960246 -0.367980642789 1.21449986468
3.6536536536536537 0.212176587278 -1.63936482484 -0.305776089546 1.26891717413
3.7037037037037037 0.128957181646 -1.68349312516 -0.241191454591 1.30958302297
3.7537537537537538 0.0439188036086 -1.71203908132 -0.174917996734 1.3363893636
3.803803803803804 -0.0421572210248 -1.72495089355 -0.107650917447 1.34928241781
3.853853853853854 -0.128487582367 -1.72219796286 -0.0400871451298 1.34824434736
3.903903903903904 -0.21428772418 -1.70376053388 0.0270761882098 1.33328428815
3.953953953953954 -0.298772408743 -1.66963245237 0.0931430917408 1.30443960347
4.004004004004004 -0.381156747122 -1.61983667187 0.157420378699 1.26178709528
4.054054054054054 -0.460658220455 -1.5544514122 0.219220062022 1.20546252974
4.104104104104104 -0.536500366775 -1.47364786217 0.277862997798 1.13568915304
4.1541541541541545 -0.607918537116 -1.37773304163 0.332684099893 1.05281017492
4.2042042042042045 -0.674167737289 -1.26719438065 0.383039135122 0.957322494028
4.2542542542542545 -0.734532800793 -1.1427425977 0.428313277143 0.849908950703
4.3043043043043046 -0.788340481822 -1.00534725592 0.467931094774 0.731464696309
4.354354354354355 -0.834973073957 -0.856259935044 0.501367656286 0.603113709269
4.404404404404405 -0.873882747528 -0.697022313338 0.528160117389 0.466213372052
4.454454454454455 -0.904605913027 -0.529454128417 0.54791923144 0.322343184882
4.504504504504505 -0.926776420752 -0.355620874305 0.560339853079 0.173277576214
4.554554554554555 -0.94013666954 -0.177785533839 0.565209723662 0.0209462562823
4.604604604604605 -0.944545845601 0.0016585821976 0.56241590416 -0.132620125129
4.654654654654655 -0.939984599409 0.18026415808 0.551948343021 -0.285351323368
4.704704704704705 -0.926555729361 0.355610765092 0.533900242558 -0.435202189481
4.754754754754755 -0.904480822568 0.525384014589 0.508465196892 -0.58021572947
4.804804804804805 -0.87409327522 0.687445739606 0.47593145113 -0.718578865472
4.854854854854855 -0.835827857356 0.839889645888 0.436673417491 -0.848666523825
4.904904904904905 -0.790208052477 0.981078763672 0.391141431229 -0.969071233126
4.954954954954955 -0.737832143766 1.10966404096 0.339850518103 -1.07861777756
5.005005005005005 -0.679358724923 1.22458260464 0.28336870872 -1.17636178935
5.055055055055055 -0.615492757874 1.32503985073 0.222305784806 -1.26157563701
5.105105105105105 -0.546972879648 1.41047799863 0.157303007926 -1.33372374391
5.155155155155155 -0.474560615448 1.48053552223 0.0890243412345 -1.39243088195
5.205205205205205 -0.399031475111 1.53500358198 0.0181491387731 -1.43744828717
5.255255255255255 -0.321168501141 1.57378219048 -0.0546332635321 -1.46861983757
5.305305305305305 -0.241757997067 1.59684217347 -0.128627282908 -1.48585309013
5.355355355355355 -0.16158650141 1.60419562087 -0.203133898163 -1.48909726793
5.405405405405405 -0.0814393374913 1.59587663211 -0.277452288611 -1.47832968831
5.455455455455455 -0.00209973891606 1.57193500616 -0.350881108466 -1.45355266721
5.505505505505505 0.0756520552321 1.53244232535 -0.422719882431 -1.41480041569
5.555555555555555 0.151040292283 1.47751048723 -0.492270975641 -1.36215590997
5.605605605605605 0.223296411621 1.40732056664 -0.558842633699 -1.29577594677
5.655655655655655 0.29166339262 1.32215971335 -0.621753431797 -1.21592244834
5.7057057057057055 0.355402203551 1.22246279075 -0.680338496307 -1.1229972515
5.7557557557557555 0.413800058967 1.10885311381 -0.733957207383 -1.0175757269
5.8058058058058055 0.466180806412 0.982179860942 -0.782002665644 -0.900437195457
5.8558558558558556 0.511917107744 0.843546777609 -0.82391261239 -0.772587694255
5.905905905905906 0.550443574136 0.694326951927 -0.859181064917 -0.635270808204
5.955955955955956 0.581270301221 0.536161201571 -0.887370208807 -0.489964559916
6.006006006006006 0.603995833568 0.370938033872 -0.908121719182 -0.338362732317
6.056056056056056 0.61831860603 0.200755621629 -0.921166708025 -0.182341065184
6.106106106106106 0.624046328455 0.0278660589012 -0.926333857786 -0.0239085141647
6.156156156156156 0.621101867799 -0.145391922128 -0.923554507786 0.134851094806
6.206206206206206 0.609526051182 -0.316667923653 -0.91286508403 0.291843887832
6.256256256256257 0.589475166397 -0.483674790849 -0.894404905289 0.445030673065
6.306306306306307 0.561217446106 -0.644259646458 -0.868413179096 0.592488460043
6.356356356356357 0.525124540349 -0.796463964243 -0.835221610114 0.732462804556
6.406406406406407 0.481659925004 -0.938566398526 -0.795244314593 0.863405626492
6.456456456456457 0.431366956829 -1.06910890856 -0.748967414114 0.983998983786
6.506506506506507 0.374854880149 -1.18690480979 -0.696936768345 1.09316367029
6.556556556556557 0.312785935751 -1.29102747865 -0.639746580186 1.19005127791
6.606606606606607 0.245862670373 -1.38078654503 -0.578028074899 1.27402564143
6.656656656656657 0.174817033188 -1.45569277349 -0.512439621273 1.34463442864
6.706706706706707 0.100401162725 -1.51541786114 -0.443658231776 1.40157613671
6.756756756756757 0.0233805004121 -1.55975197193 -0.37237298089 1.44466470797
6.806806806806807 -0.0554711323891 -1.58856532763 -0.299280074948 1.47379710426
6.856856856856857 -0.135374701585 -1.60177652491 -0.225079418918 1.48892604247
6.906906906906907 -0.215547872739 -1.59933055715 -0.150472278234 1.49004040569
6.956956956956957 -0.295205970505 -1.581188657 -0.0761598112933 1.47715507336
7.007007007007007 -0.373562810665 -1.54733081571 -0.00284180249294 1.45031097275
7.057057057057057 -0.449831954316 -1.49777082636 0.0687848485039 1.40958526198
7.107107107107107 -0.52322906232 -1.43258324567 0.138028423028 1.35511122654
7.157157157157157 -0.592975771657 -1.35193897133 0.20420582975 1.28710524344
7.207207207207207 -0.658305637121 -1.2561479578 0.266647634847 1.20589968386
7.257257257257257 -0.718471963291 -1.1457016289 0.324704489458 1.1119757604
7.307307307307307 -0.772757951154 -1.02131533045 0.377755432706 1.0059967333
7.357357357357357 -0.820489435952 -0.88396735433 0.425218302753 0.888838641006
7.407407407407407 -0.861047943463 -0.73491608247 0.466560167758 0.761603649776
7.4574574574574575 -0.893885324589 -0.575708937649 0.501309188362 0.625627207617
7.5075075075075075 -0.918537790244 -0.408170666722 0.529065950772 0.48246883685
7.5575575575575575 -0.934639017579 -0.234372510464 0.549514064408 0.333887784722
7.607607607607608 -0.941931866182 -0.0565796461388 0.562429678062 0.181801394546
7.657657657657658 -0.940275951355 0.122813268482 0.567687691105 0.0282339073085
7.707707707707708 -0.929652387952 0.301359549181 0.56526572321 -0.12474521443
7.757757757757758 -0.910164337014 0.476641338967 0.555244734333 -0.275085902445
7.807807807807808 -0.882033626307 0.646347835604 0.537806499355 -0.420820279273
7.857857857857858 -0.845593547768 0.808346552436 0.513228009794 -0.560120231894
7.907907907907908 -0.801278477843 0.960737413041 0.481873289355 -0.691341620453
7.957957957957958 -0.749611261295 1.10189069117 0.444183369476 -0.813055916737
8.008008008008009 -0.691189134835 1.23046434637 0.40066502159 -0.924065674742
8.058058058058059 -0.62666931004 1.34540338516 0.351879136419 -1.02340584996
8.108108108108109 -0.55675495726 1.44591962051 0.298429317198 -1.11032962897
8.158158158158159 -0.482182653213 1.53145954295 0.240951546067 -1.18428479518
8.208208208208209 -0.403711684261 1.60166434055 0.180105235787 -1.24488377877
8.258258258258259 -0.322115314979 1.65632466023 0.116565749756 -1.2918694449
8.308308308308309 -0.238174522278 1.695336601 0.0510187976273 -1.32508174633
8.358358358358359 -0.152673647155 1.71866273447 -0.01584372376 -1.34442817937
8.408408408408409 -0.0663979076943 1.7263017886 -0.083326474651 -1.34986099771
8.458458458458459 0.0198678895794 1.7182694091 -0.150732528434 -1.34136305731
8.508508508508509 0.105340009602 1.69459161844 -0.217364782744 -1.31894357572
8.558558558558559 0.189236363963 1.65531087601 -0.282527333835 -1.28264370906
8.608608608608609 0.270777778774 1.60050514612 -0.345527451708 -1.23255225425
8.65865865865866 0.349190451582 1.5303175222 -0.40567851029 -1.16882951321
8.70870870870871 0.423710191749 1.44499467154 -0.462304351292 -1.09173773505
8.75875875875876 0.493588593556 1.3449291009 -0.514745145769 -1.00167431545
8.80880880880881 0.558101504618 1.23070396412 -0.562365109768 -0.899206857018
8.85885885885886 0.616559543226 1.10313133677 -0.604561727253 -0.785102035988
8.90890890890891 0.66832031862 0.963283357959 -0.640776295066 -0.660348828672
8.95895895895896 0.712801899724 0.81250968948 -0.670505355616 -0.526170260402
9.00900900900901 0.749497249938 0.65243874285 -0.693312804598 -0.384021787819
9.05905905905906 0.777987264051 0.484958165403 -0.708840695814 -0.235573044343
9.10910910910911 0.79795303829 0.312177824768 -0.716819338407 -0.0826753739132
9.15915915915916 0.809185780451 0.136375101606 -0.717075352647 0.0726847555916
9.20920920920921 0.811593376682 -0.0400742418415 -0.709536906791 0.228443710934
9.25925925925926 0.805203567933 -0.214772053017 -0.694236125339 0.382523912461
9.30930930930931 0.790163004952 -0.385376828749 -0.671308077165 0.532899146418
9.35935935935936 0.766732571894 -0.549677531145 -0.640986688829 0.677655318156
9.40940940940941 0.735279187218 -0.705656600809 -0.603597762997 0.81504213908
9.45945945945946 0.696264864824 -0.851537570367 -0.559549752372 0.943512088524
9.50950950950951 0.650233939696 -0.985814344629 -0.509323034842 1.06174433206
9.55955955955956 0.597798963458 -1.10726179529 -0.453458095905 1.16865337428
9.60960960960961 0.539627003663 -1.2149271941 -0.392544048976 1.26338211569
9.65965965965966 0.476426432776 -1.30810735848 -0.327207544291 1.3452833227
9.70970970970971 0.408935269462 -1.38631431601 -0.258102938408 1.41389182493
9.75975975975976 0.337911354313 -1.44923446696 -0.18590394775 1.46889150583
9.80980980980981 0.264124874864 -1.49668453633 -0.111297199069 1.5100797909
9.85985985985986 0.188352724531 -1.52857241617 -0.0349772545534 1.5373362041
9.90990990990991 0.111374843634 -1.54486264132 0.0423567742739 1.55059481077
9.95995995995996 0.0339720826391 -1.54555173018 0.12000340477 1.54982479774
10.01001001001001 -0.0430750346992 -1.5306549206 0.197260262263 1.53502040585
10.06006006006006 -0.118987161255 -1.50020548087 0.273425283154 1.50620118637
10.11011011011011 -0.192987309543 -1.45426645023 0.347798232042 1.46342242012
10.16016016016016 -0.264302856133 -1.39295389117 0.419682930659 1.40679492728
10.21021021021021 -0.332168969723 -1.31646955656 0.488390689109 1.33651251455
10.26026026026026 -0.39583386545 -1.22514018479 0.5532452653 1.25288473779
10.31031031031031 -0.45456611938 -1.1194595789 0.613589536978 1.15637178993
10.36036036036036 -0.507664055354 -1.00012902269 0.668793887377 1.04761782956
10.41041041041041 -0.554467046869 -0.868091164455 0.718266164564 0.927478711467
10.46046046046046 -0.594368148822 -0.724553960856 0.761462722805 0.797041317214
10.51051051051051 -0.626827732282 -0.570998923457 0.797900263369 0.657629691658
10.56056056056056 -0.651387060223 -0.409172450554 0.827167588126 0.510796997807
10.61061061061061 -0.667680850614 -0.241056507208 0.848936462785 0.358300155891
10.66066066066066 -0.675448050766 -0.0688250170912 0.862970948433 0.202062491154
10.71071071071071 -0.674539932886 0.10521842369 0.869134437937 0.0441206643495
10.76076076076076 -0.664924825201 0.27871183596 0.86739383114 -0.113436076206
10.81081081081081 -0.646689140976 0.449311445506 0.857820551306 -0.268531268801
10.86086086086086 -0.620034577258 0.614766726051 0.840588286592 -0.419165567196
10.91091091091091 -0.585271708255 0.772987733997 0.815967630734 -0.563474893724
10.96096096096096 -0.542810515949 0.922098833206 0.784318062355 -0.699777465374
11.01101101101101 -0.493148658272 1.06047610995 0.746077923218 -0.826607396901
11.06106106106106 -0.436858243257 1.18676580649 0.701753023358 -0.942732564669
11.11111111111111 -0.374572656154 1.29988428566 0.651905186873 -1.04715695838
11.16116116116116 -0.306972911677 1.39900200736 0.597140253192 -1.1391097092
11.21121121121121 -0.234775768236 1.48351376856 0.538097453785 -1.21802227401
11.26126126126126 -0.158723581195 1.55300103081 0.475440157963 -1.28349863879
11.31131131131131 -0.0795756784063 1.60718835182 0.409847779254 -1.33528020437
11.36136136136136 0.00189779105379 1.64590112273 0.34200971345 -1.37321116337
11.411411411411411 0.0849192222924 1.66903146952 0.272621648912 -1.39720991837
11.461461461461461 0.168706830231 1.6765074115 0.202381874622 -1.40724289003
11.511511511511511 0.252475700971 1.66827568812 0.131989509294 -1.40330903011
11.561561561561561 0.335438614421 1.64429610906 0.0621430685498 -1.38543294623
11.611611611611611 0.416806805341 1.60454881025 -0.00646083770612 -1.35366862372
11.661661661661661 0.495791363624 1.54905397083 -0.0731292604301 -1.30811315303
11.711711711711711 0.571606073168 1.47790414106 -0.137175768928 -1.24893043528
11.761761761761761 0.643471895825 1.39130169567 -0.197924272574 -1.17637858992
11.811811811811811 0.710623675984 1.28960523094 -0.254714781098 -1.09084518844
11.861861861861861 0.772318993629 1.17337287116 -0.306910567919 -0.992879768729
11.911911911911911 0.827849336135 1.04340396544 -0.353907207828 -0.883225459438
11.961961961961961 0.876552783621 0.900770379133 -0.395142726392 -0.762842580178
12.012012012012011 0.917828268769 0.746835123624 -0.430108933264 -0.632922403672
12.062062062062061 0.951150366516 0.583253236802 -0.458363134762 -0.494887150417
12.112112112112111 0.976083427692 0.411952828707 -0.479539299584 -0.350374574746
12.162162162162161 0.992294316268 0.235096620911 -0.493358105028 -0.20120737013
12.212212212212211 0.999562975163 0.0550243430735 -0.499635263084 -0.0493476532205
12.262262262262261 0.997789395729 -0.125818652124 -0.498287008906 0.103159266245
12.312312312312311 0.986996914794 -0.304961236624 -0.489332699189 0.254247715865
12.362362362362362 0.967331454155 -0.479988852372 -0.472894218208 0.401896443132
12.412412412412412 0.939056775124 -0.648620855612 -0.449192247963 0.544189507052
12.462462462462462 0.902545958328 -0.8087779169 -0.418539564356 0.679369442482
12.512512512512513 0.858270067407 -0.958631444025 -0.381332107329 0.805876418676
12.562562562562563 0.806784697228 -1.09663523292 -0.338038368834 0.922373579793
12.612612612612613 0.74871552286 -1.22153771737 -0.289187969846 1.0277572932
12.662662662662663 0.684743569264 -1.33237278018 -0.235359979527 1.12115074029
12.712712712712714 0.615591525905 -1.42843617974 -0.177172012271 1.20188635039
12.762762762762764 0.542011538798 -1.50925035689 -0.11527043416 1.26947925386
12.812812812812814 0.464774844347 -1.57452119864 -0.0503219575444 1.32359458449
12.862862862862864 0.384663791576 -1.62409262132 0.0169929551753 1.36401323231
12.912912912912914 0.302465974452 -1.6579035761 0.0859851084261 1.39059961652
12.962962962962964 0.218970462213 -1.67595153002 0.155960018788 1.40327471814
13.013013013013014 0.134965557566 -1.67826551357 0.226220254265 1.40199676177
13.063063063063064 0.0512376602329 -1.66489065916 0.296067003199 1.38675105273
13.113113113113114 -0.0314294037948 -1.63588555992 0.364801361547 1.35754993356
13.163163163163164 -0.112255200209 -1.5913318665 0.431725854369 1.31444221656
13.213213213213214 -0.190464724513 -1.53135981067 0.49614704339 1.25753643596
13.263263263263264 -0.265290842398 -1.45617428638 0.55737849462 1.18702106011
13.313313313313314 -0.335979778124 -1.366099782 0.614746289126 1.1032033333
13.363363363363364 -0.401797315183 -1.26161727575 0.667595038142 1.00653823152
13.413413413413414 -0.462038816818 -1.14341350859 0.715297203452 0.897669018761
13.463463463463464 -0.516039605218 -1.01241024378 0.757262446262 0.777449097962
13.513513513513514 -0.563187452748 -0.869790444104 0.792948705931 0.646961799291
13.563563563563564 -0.60293641105 -0.717009930739 0.821874308138 0.507527765582
13.613613613613614 -0.634819741499 -0.555790209612 0.843629150295 0.360696546705
13.663663663663664 -0.658463183132 -0.388093253957 0.857886089309 0.208223018645
13.713713713713714 -0.673595889404 -0.216077331676 0.86441023784 0.052028231836
13.763763763763764 -0.680058751344 -0.0420368769091 0.86306597319 -0.105852840383
13.813813813813814 -0.677809397696 0.131667686693 0.853821077786 -0.263331665219
13.863863863863864 -0.66692365282 0.302686390229 0.836747841384 -0.418331506673
13.913913913913914 -0.647593108631 0.468755556258 0.812020846788 -0.568852032461
13.963963963963964 -0.62011904685 0.627765850695 0.779911649811 -0.713027218148
14.014014014014014 -0.584903250045 0.777818090728 0.740780809945 -0.84917289648
14.064064064064064 -0.542436506276 0.917263120566 0.695067952337 -0.975820911386
14.114114114114114 -0.493285308196 1.04472132592 0.643280275921 -1.09173620168
14.164164164164164 -0.438078425605 1.15908579721 0.585980923696 -1.1959201945
14.214214214214214 -0.377493468293 1.25950760727 0.523777304339 -1.28759920465
14.264264264264265 -0.312244647486 1.3453679069 0.457310383755 -1.36620175654
14.314314314314315 -0.243072141536 1.41624084525 0.387245286022 -1.43132813391
14.364364364364365 -0.170733483713 1.4718521898 0.314263562237 -1.48271620209
14.414414414414415 -0.0959969961808 1.51203721102 0.239057151271 -1.52020644922
14.464464464464465 -0.0196373078301 1.53670417 0.162324077238 -1.54371149939
14.514514514514515 0.0575675553702 1.54580443322 0.0847654637433 -1.55319095647
14.564564564564565 0.134837789046 1.53931336076 0.00708364219583 -1.54863502272
14.614614614614615 0.211392774932 1.51722314867 -0.0700191672323 -1.53005788339
14.664664664664665 0.286452013286 1.47954823583 -0.145842110876 -1.49750138262
14.714714714714715 0.359236622503 1.42634298874 -0.219687383622 -1.45104878162
14.764764764764765 0.428972012733 1.35773014191 -0.290862837671 -1.39084736449
14.814814814814815 0.494892219642 1.27393741021 -0.358685917998 -1.31713779715
14.864864864864865 0.556246181785 1.17533936919 -0.422489159583 -1.23028787351
14.914914914914915 0.612306162055 1.06250020233 -0.481627415301 -1.1308270621
14.964964964964965 0.662378233729 0.936212602033 -0.535486754423 -1.01947800626
15.015015015015015 0.705814395054 0.797529123738 -0.583494680301 -0.897181945115
15.065065065065065 0.742026311842 0.647780329073 -0.625131667834 -0.765113442484
15.115115115115115 0.77049933689 0.488573967467 -0.659942926581 -0.624679679245
15.165165165165165 0.790805864058 0.321779896925 -0.687549620469 -0.477508083927
15.215215215215215 0.802617758043 0.149493254497 -0.70765932518 -0.32541618797
15.265265265265265 0.805716224842 -0.0260199773069 -0.720074391555 -0.170366972225
15.315315315315315 0.799998827209 -0.202389875371 -0.724697963029 -0.0144138321646
15.365365365365365 0.785482706574 -0.377219309759 -0.721536867433 0.140362757715
15.415415415415415 0.762304044674 -0.548162304484 -0.710701397628 0.291920237667
15.465465465465465 0.730713592323 -0.712998431163 -0.692401820283 0.438316093098
15.515515515515515 0.691068723619 -0.869696644122 -0.666941968596 0.577761734503
15.565565565565565 0.643822695299 -1.01646410725 -0.6347104578 0.70866445169
15.615615615615615 0.589511853826 -1.15177656598 -0.596170112745 0.829654564464
15.665665665665665 0.528741817308 -1.27438911418 -0.551846434015 0.939596723925
15.715715715715715 0.462173648215 -1.38332935461 -0.502315933982 1.03758685642
15.765765765765765 0.39051071101 -1.47787454972 -0.448194905151 1.12293595924
15.815815815815816 0.314486996986 -1.55751705934 -0.390129267828 1.19514411932
15.865865865865866 0.234857381761 -1.62192286991 -0.328785892334 1.25386857484
15.915915915915916 0.152390024207 -1.67088766924 -0.26484558238 1.29888938664
15.965965965965966 0.0678609286559 -1.70429512136 -0.198997758313 1.33007645775
16.016016016016017 -0.0179495031014 -1.72208188811 -0.131936724018 1.34736156816
16.066066066066067 -0.104258470297 -1.72421158565 -0.0643590991478 1.35071722058
16.116116116116117 -0.190281704622 -1.71066069847 0.00303786930743 1.34014474854
16.166166166166168 -0.275234025667 -1.68141692064 0.0695576588412 1.31567208162
16.216216216216218 -0.358330126932 -1.63649071501 0.134505954726 1.27736184178
16.266266266266268 -0.438786273285 -1.57593932953 0.197192797421 1.22532917231
16.316316316316318 -0.515823408508 -1.49990040136 0.256935788428 1.15976703929
16.366366366366368 -0.588672307252 -1.40863328163 0.313064840201 1.0809775105
16.416416416416418 -0.656580697523 -1.30256395707 0.364928415329 0.98940576721
16.466466466466468 -0.71882270376 -1.18232908024 0.411901522066 0.885673298783
16.516516516516518 -0.774710406686 -1.04881408698 0.453395298462 0.770606322827
16.566566566566568 -0.823606956553 -0.90318111541 0.488867740913 0.645256082423
16.616616616616618 -0.864940912743 -0.746883101835 0.517835311901 0.510908182868
16.666666666666668 -0.898220863182 -0.581654398424 0.539884656294 0.369073408416
16.716716716716718 -0.923048694803 -0.409489728507 0.554683212563 0.221469417314
16.766766766766768 -0.939131825496 -0.232597862381 0.561988881596 0.0699826163218
16.816816816816818 -0.946292210354 -0.0533398054799 0.561657091004 -0.0833819869093
16.866866866866868 -0.944472351669 0.125844195079 0.553645435244 -0.236559549567
16.916916916916918 -0.933737137922 0.302515812617 0.538014965525 -0.387490325752
16.966966966966968 -0.914271783982 0.474318791151 0.514928369082 -0.534183562827
17.017017017017018 -0.886375817041 0.639052422098 0.484645000301 -0.674775890407
17.067067067067068 -0.850453717218 0.794732269334 0.44751325687 -0.807579453213
17.117117117117118 -0.807002955624 0.939634118922 0.403960895427 -0.931116666536
17.167167167167168 -0.756600219978 1.07231792018 0.354483915588 -1.04413909247
17.217217217217218 -0.699887021287 1.19163252812 0.299634956944 -1.14563115077
17.26726726726727 -0.637555496068 1.29670247329 0.240011851401 -1.23479968986
17.31731731731732 -0.57033526202 1.38690015431 0.176247003738 -1.31105215645
17.36736736736737 -0.498981873315 1.46180806135 0.108998025691 -1.37396704647
17.41741741741742 -0.424267481252 1.52117453621 0.0389400912548 -1.4232594737
17.46746746746747 -0.346973614798 1.56487021329 -0.0332400642056 -1.45874749583
17.51751751751752 -0.267886049939 1.59284801538 -0.106848537584 -1.48032151474
17.56756756756757 -0.187791547458 1.60511019054 -0.181187233529 -1.48791953428
17.61761761761762 -0.10747603412 1.60168575324 -0.255555772563 -1.4815109136
17.66766766766767 -0.0277235617801 1.58261980129 -0.329252868284 -1.46108973521
17.71771771771772 0.0506844858334 1.54797607334 -0.401577605722 -1.42667889996
17.76776776776777 0.126970705125 1.49785156284 -0.471831241153 -1.37834386336
17.81781781781782 0.200363903977 1.43240246966 -0.539319836134 -1.31621540858
17.86786786786787 0.270102861924 1.35187855381 -0.603358201542 -1.24051896228
17.91791791791792 0.335442021293 1.25666370048 -0.663275489767 -1.15160865021
17.96796796796797 0.395659370085 1.14731835447 -0.718422616104 -1.05000243836
18.01801801801802 0.450066064893 1.02461765404 -0.76818108087 -0.936413270383
18.06806806806807 0.49801816119 0.889583679626 -0.811973538563 -0.811774888067
18.11811811811812 0.538929463591 0.743504722441 -0.849275218643 -0.677256489527
18.16816816816817 0.572285027238 0.587939249573 -0.879625817672 -0.534264333064
18.21821821821822 0.597654437649 0.424701722986 -0.90264111559 -0.384427978724
18.26826826826827 0.614703812533 0.255830012154 -0.918023421644 -0.229571036877
18.31831831831832 0.623205940299 0.0835348576854 -0.925570366782 -0.0716667990768
18.36836836836837 0.623047241251 -0.0898642106537 -0.925180924027 0.087217445632
18.41841841841842 0.61423142535 -0.26201189376 -0.916858566341 0.244983592487
18.46846846846847 0.596879367309 -0.430593469111 -0.900711154282 0.399568683765
18.51851851851852 0.571225290051 -0.593406988859 -0.876947632743 0.549007369654
18.56856856856857 0.537609386817 -0.748427946495 -0.845871641182 0.691488101308
18.61861861861862 0.496467731782 -0.893857099888 -0.807872756562 0.825395124085
18.66866866866867 0.44832008983 -1.02815252472 -0.763415876639 0.949337253177
18.71871871871872 0.39375666968 -1.15004298294 -0.713029628505 1.06216088356
18.76876876876877 0.333424603786 -1.25852326441 -0.657294459877 1.1629477388
18.81881881881882 0.26801501033 -1.35283198518 -0.596831130916 1.25099768372
18.86886886886887 0.198251718787 -1.43242139398 -0.532290554994 1.32580455318
18.91891891891892 0.124881406662 -1.49691748566 -0.464344761235 1.3870234907
18.96896896896897 0.0486660386902 -1.54607800303 -0.393679762038 1.4344361226
19.01901901901902 -0.0296227651537 -1.57975224499 -0.32099002775 1.46791677455
19.06906906906907 -0.10920739772 -1.59784684306 -0.246974626186 1.48740323301
19.11911911911912 -0.189306452418 -1.60030051651 -0.172334640818 1.49287455525
19.16916916916917 -0.269135975409 -1.58707029461 -0.0977714383614 1.48433802347
19.21921921921922 -0.34791024038 -1.55812971325 -0.0239854241688 1.46182573174
19.26926926926927 -0.424842844503 -1.51348037051 0.0483253777139 1.42540192799
19.31931931931932 -0.499148613549 -1.45317471195 0.118467280271 1.37517956556
19.36936936936937 -0.57004692242 -1.37734932719 0.185753957121 1.3113453971
19.41941941941942 -0.636766950786 -1.28626586442 0.249510940225 1.2341913713
19.46946946946947 -0.698555025133 -1.18035495801 0.309081720581 1.14414870005
19.51951951951952 -0.754684142745 -1.06025926829 0.363835548764 1.04182144656
19.56956956956957 -0.804465563984 -0.926871043634 0.413176854933 0.928015979327
19.61961961961962 -0.847262031268 -0.781359116664 0.45655594629 0.803762227411
19.66966966966967 -0.882501991696 -0.625181107904 0.493480496441 0.670323342111
19.71971971971972 -0.909694037388 -0.460077471869 0.52352720975 0.529191045816
19.76976976976977 -0.928440406465 -0.288046109246 0.546352742809 0.382065594778
19.81981981981982 -0.938448867647 -0.111297826665 0.561703349667 0.230820517091
19.86986986986987 -0.939542020075 0.0678061401912 0.569422481948 0.077453011436
19.91991991991992 -0.931662845254 0.246827655533 0.569455402313 -0.0759745880834
19.96996996996997 -0.914876585606 0.423331931939 0.561850871873 -0.227398903658
20.02002002002002 -0.88936855139 0.594967896289 0.546759579663 -0.374819968972
20.07007007007007 -0.855438166232 0.75954079449 0.524429545167 -0.516359799645
20.12012012012012 -0.813489375253 0.91507427041 0.495198582375 -0.650312923145
20.17017017017017 -0.764018723672 1.05985183787 0.459484839906 -0.775180767646
20.22022022022022 -0.707601590301 1.19244143328 0.417775802071 -0.889692844891
20.27027027027027 -0.644877800754 1.3116993544 0.370616706871 -0.99281170125
20.32032032032032 -0.57653745597 1.41675821151 0.318599051185 -1.08372523297
20.37037037037037 -0.503307672091 1.50699428596 0.262349697817 -1.16182269448
20.42042042042042 -0.425941532489 1.58199277068 0.202521679305 -1.22666889368
20.47047047047047 -0.345208547682 1.64150215048 0.139786089278 -1.27796970694
20.52052052052052 -0.261887679372 1.68538958899 0.0748259322451 -1.31553827267
20.57057057057057 -0.176762435826 1.71360001708 0.00833153959221 -1.33926395281
20.62062062062062 -0.0906178484258 1.72612279265 -0.0590025894195 -1.34908714777
20.67067067067067 -0.00423890119234 1.72296873644 -0.126479850815 -1.34498221188
20.72072072072072 0.0815903117234 1.70415982151 -0.193403077693 -1.32695023568
20.77077077077077 0.166087063114 1.66973105847 -0.259075835179 -1.29502133905
20.82082082082082 0.248470998374 1.61974575776 -0.322804167268 -1.24926738419
20.87087087087087 0.327966208261 1.55432247837 -0.38389922942 -1.18982378954
20.92092092092092 0.403804778683 1.47367007761 -0.441681066494 -1.11691722768
20.97097097097097 0.475232356098 1.3781298163 -0.495484013038 -1.03089889817
21.02102102102102 0.541515997556 1.26822069743 -0.544663933129 -0.932280159698
21.07107107107107 0.601953971909 1.14467894501 -0.588606864245 -0.82176235783
21.12112112112112 0.655887580337 1.00849276908 -0.626739268968 -0.700263083955
21.17117117117117 0.702714225077 0.860924154145 -0.658539166991 -0.568931521008
21.22122122122122 0.741901761538 0.703515855066 -0.683548205958 -0.429151532182
21.27127127127127 0.773002038212 0.538078158896 -0.701382912047 -0.282528454778
21.32132132132132 0.795663447448 0.366657225407 -0.711745032625 -0.130861005595
21.37137137137137 0.809641778016 0.191485795812 -0.714430390988 0.0239009805855
21.42142142142142 0.814807838184 0.0149176702643 -0.709335003574 0.179711635681
21.47147147147147 0.811151772841 -0.160646423271 -0.696458435571 0.334490829296
21.52152152152152 0.798783404542 -0.332838069497 -0.675903851531 0.486189709623
21.57157157157157 0.777928697746 -0.499396933009 -0.647874870433 0.632853088314
21.62162162162162 0.748922572108 -0.658238420571 -0.612669416951 0.772674951574
21.67167167167167 0.712198795941 -0.80750580054 -0.570671185371 0.904041099247
21.72172172172172 0.668277406135 -0.945606086827 -0.522339073942 1.02555844376
21.77177177177177 0.61775151494 -1.07122554399 -0.468196134717 1.13606765072
21.82182182182182 0.561272870123 -1.18332788651 -0.4088174865 1.23464169414
21.87187187187187 0.499538506461 -1.28113524898 -0.344819127654 1.32057042311
21.92192192192192 0.433278582194 -1.36409691945 -0.27684770626 1.39333524243
21.97197197197197 0.363246034769 -1.43185010992 -0.20557176463 1.45257740313
22.02202202202202 0.290207881532 -1.48417562718 -0.131674294283 1.49806225325
22.07207207207207 0.214939429305 -1.52095712581 -0.055847659491 1.52964649241
22.12212212212212 0.138220160449 -1.54214527919 0.0212101415417 1.54724955369
22.17217217217217 0.0608309184459 -1.54772917706 0.0987981988013 1.55083097594
22.22222222222222 -0.0164474988154 -1.53771945752 0.176214295635 1.54037740981
22.27227227227227 -0.0928352418889 -1.51214361977 0.252756142468 1.51589962597
22.32232232232232 -0.167554397019 -1.47105391689 0.327722722508 1.47743982114
22.37237237237237 -0.239830653063 -1.4145470406 0.400416235155 1.42508854874
22.42242242242242 -0.308896296185 -1.34279453995 0.47014516787 1.35901037295
22.47247247247247 -0.373994870524 -1.25608017252 0.536228766254 1.27947509755
22.52252252252252 -0.434387656589 -1.15484071397 0.598003007181 1.18689167204
22.57257257257257 -0.489362672503 -1.03970916708 0.654828699653 1.08184390283
22.62262262262262 -0.538245198362 -0.911549748052 0.706100787764 0.965119151379
22.67267267267267 -0.580410168349 -0.771485755526 0.7512592178 0.837730959066
22.72272272272272 -0.615295540036 -0.620913064231 0.789800575212 0.700929575502
22.772772772772772 -0.6424159282 -0.461496874241 0.821289904643 0.556198434678
22.822822822822822 -0.661375624669 -0.295149646442 0.845371974467 0.40523485494
22.872872872872872 -0.67188002276 -0.123990595816 0.861781163837 0.249915263468
22.922922922922922 -0.67374460357 0.0497103106309 0.870349265967 0.092247383383
22.972972972972972 -0.666900818692 0.223601603143 0.871010641115 -0.0656887841111
23.023023023023022 -0.651398254534 0.395325808479 0.863804200794 -0.22180539096
23.073073073073072 -0.627403043346 0.562595824838 0.848872183757 -0.374072131796
23.123123123123122 -0.595192548532 0.72326511128 0.826455733635 -0.520576718322
23.173173173173172 -0.55514682311 0.875386455221 0.796887683331 -0.659576059288
23.223223223223222 -0.507737444896 1.0172545617 0.760583035859 -0.789534139165
23.273273273273272 -0.453514736227 1.14743050875 0.718027978512 -0.909144874819
23.323323323323322 -0.393094215506 1.2647474091 0.669768132157 -1.01733930364
23.373373373373372 -0.32714321878 1.36829873595 0.616396820899 -1.11327819632
23.423423423423422 -0.256368403655 1.45741373987 0.558543974668 -1.19633367914
23.473473473473472 -0.181504871532 1.5316179205 0.496866250803 -1.26605800758
23.523523523523522 -0.103307420727 1.59059527577 0.432038906703 -1.32215338798
23.573573573573572 -0.0225435746743 1.63414442734 0.364749064264 -1.3644361474
23.623623623623622 0.0600110990671 1.66213993518 0.295690872255 -1.3928046598
23.673673673673672 0.143575976488 1.6745007035 0.22556208622 -1.40721255001
23.723723723723722 0.227367014219 1.67116851473 0.155061813172 -1.40764971355
23.773773773773772 0.310597567661 1.65209851597 0.0848890074088 -1.39413271001
23.823823823823822 0.392479199264 1.6172629479 0.0157410782041 -1.36670560959
23.873873873873872 0.472222785421 1.56666701612 -0.0516876341199 -1.32545045354
23.923923923923923 0.549040846466 1.50037669707 -0.116708245007 -1.27050725597
23.973973973973973 0.62215152089 1.41855605914 -0.178640918821 -1.20210161603
24.024024024024023 0.690784502488 1.32151011069 -0.236819917675 -1.12057685217
24.074074074074073 0.754189115178 1.2097297334 -0.290600259096 -1.02642793691
24.124124124124123 0.811644890963 1.08393528968 -0.339366281981 -0.920334513877
24.174174174174173 0.862473913599 0.945111377714 -0.382541534006 -0.803187168016
24.224224224224223 0.906054455194 0.794529352366 -0.419599627988 -0.67610424624
24.274274274274273 0.941836063724 0.633754939052 -0.450076204515 -0.540437080986
24.324324324324323 0.969353873096 0.464634902746 -0.473580243639 -0.397758976743
24.374374374374373 0.988241591178 0.289263910562 -0.489804314978 -0.249838791118
24.424424424424423 0.998243000399 0.109933518153 -0.498533646662 -0.0986005576371
24.474474474474473 0.999220184027 -0.0709352577045 -0.499652608778 0.0539296504749
24.524524524524523 0.991157933658 -0.250870516065 -0.493148189548 0.205685556205
24.574574574574573 0.97416435465 -0.427431351624 -0.479110479953 0.354625097394
24.624624624624623 0.948467262355 -0.598287890395 -0.457729846932 0.498793419959
24.674674674674673 0.914406783185 -0.761291652456 -0.429291116848 0.636378352841
24.724724724724723 0.872424874079 -0.914531777916 -0.394165326094 0.765754883822
24.774774774774773 0.82305235596 -1.05637240411 -0.35279949976 0.885514974017
24.824824824824823 0.766894628182 -1.18547002799 -0.305705367567 0.994481802651
24.874874874874873 0.704617014324 -1.3007714812 -0.253447755687 1.0917089407
24.924924924924923 0.636930652729 -1.40149472689 -0.196633364714 1.17646619242
24.974974974974973 0.564579703619 -1.48709628122 -0.135900531013 1.24821508429
25.025025025025027 0.488330339996 -1.55723015525 -0.0719103341835 1.30657783749
25.075075075075077 0.408962157825 -1.61170163555 -0.00533953159771 1.35130245568
25.125125125125127 0.327261600518 -1.6504242833 0.0631249872105 1.38223045009
25.175175175175177 0.244017552016 -1.67338075907 0.13279012703 1.39926774312
25.225225225225227 0.160018678095 -1.68059240785 0.202959228032 1.40236258395
25.275275275275277 0.0760520460436 -1.6720999174 0.272933795988 1.39149228268
25.325325325325327 -0.00709762766252 -1.64795690467 0.342014837555 1.36666020599
25.375375375375377 -0.0886487182011 -1.60823603875 0.409504288567 1.32790266908
25.425425425425427 -0.167824140304 -1.5530479284 0.474707105872 1.27530582085
25.475475475475477 -0.24385386729 -1.48257031562 0.536934296101 1.20903051806
25.525525525525527 -0.315979200029 -1.39708541097 0.595507411824 1.12934335089
25.575575575575577 -0.383459035172 -1.29702187535 0.649764695436 1.03665093334
25.625625625625627 -0.445578282117 -1.18299714813 0.699068964093 0.931533929235
25.675675675675677 -0.501658285454 -1.05585532237 0.742817091392 0.81477690256
25.725725725725727 -0.551068935509 -0.916696002774 0.780450800488 0.687390275085
25.775775775775777 -0.593241909367 -0.766889846956 0.811468287381 0.550620925328
25.825825825825827 -0.627684284714 -0.608077444438 0.835436033371 0.405948768706
25.875875875875877 -0.653991638137 -0.442149632063 0.852000062805 0.255067858519
25.925925925925927 -0.671859746982 -0.271209551887 0.860895916899 0.0998523711667
25.975975975975977 -0.681093723512 -0.0975161272883 0.861956360639 -0.0576926913443
26.026026026026027 -0.681614342995 0.0765820457905 0.855116667809 -0.215488564308
26.076076076076077 -0.673460539034 0.248723093361 0.840416601616 -0.371448069335
26.126126126126128 -0.65678821041 0.416608069761 0.817999253213 -0.523540570443
26.176176176176178 -0.631865238863 0.578072235914 0.788106652601 -0.669852595243
26.226226226226228 -0.599063216084 0.731145232076 0.751072581206 -0.808639029902
26.276276276276278 -0.558846538243 0.874096113552 0.707313141416 -0.938361575039
26.326326326326328 -0.511759576865 1.0054600153 0.657315676767 -1.05771179631
26.376376376376378 -0.458413225873 1.1240455017 0.60162713851 -1.1656179954
26.426426426426428 -0.399471314908 1.22892541073 0.54084229963 -1.26123826645
26.476476476476478 -0.335637930042 1.31941289762 0.475592695509 -1.34394113241
26.526526526526528 -0.267646211286 1.39502654029 0.406536766508 -1.41327695774
26.576576576576578 -0.196249142678 1.45544909788 0.334351638973 -1.46894393786
26.626626626626628 -0.122212332836 1.50048644548 0.259726554208 -1.5107540825
26.676676676676678 -0.0463088397032 1.53002818483 0.183357992027 -1.53860041503
26.726726726726728 0.0306841436152 1.54401534149 0.105946349445 -1.55242988912
26.776776776776778 0.107987262022 1.54241775707 0.0281937504896 -1.5522241751
26.826826826826828 0.184820102791 1.52522292292 -0.0491973967628 -1.53798979995
26.876876876876878 0.26040211036 1.49243767185 -0.125525651839 -1.50975881029
26.926926926926928 0.333953796986 1.44410185407 -0.200092000139 -1.46759926634
26.976976976976978 0.404699022013 1.38031377602 -0.27220215262 -1.41163540806
27.027027027027028 0.471868727549 1.301264489 -0.341170004381 -1.34207512305
27.077077077077078 0.53470652267 1.20727810848 -0.406322575744 -1.25924242379
27.127127127127128 0.592476577639 1.09885553461 -0.467006830736 -1.16361277605
27.177177177177178 0.644473266706 0.97671408516 -0.522597889647 -1.05584519643
27.227227227227228 0.690032897075 0.841821847838 -0.572508946384 -0.93681010772
27.27727727727728 0.728547530495 0.695422277527 -0.616202901281 -0.80760929452
27.32732732732733 0.759477987183 0.539036022925 -0.653203269533 -0.669577369303
27.37737737737738 0.782368197364 0.374453843354 -0.683106250158 -0.524275900327
27.42742742742743 0.796857815068 0.203704499501 -0.705591333006 -0.373467124935
27.47747747747748 0.802693027802 0.0290065453236 -0.720430440951 -0.219074386143
27.52752752752753 0.799734547498 -0.147295432785 -0.727494752977 -0.0631296997958
27.57757757757758 0.787961968033 -0.322805359956 -0.726758535063 0.0922877545288
27.62762762762763 0.767474497977 -0.495153817547 -0.718299973457 0.245116383563
27.67767767767768 0.738487662871 -0.66207443588 -0.702298659519 0.393375872059
27.72772772772773 0.701326380504 -0.821471668502 -0.679030037971 0.535224210705
27.77777777777778 0.656415135984 -0.971474106472 -0.648857394927 0.669003230482
27.82782782782783 0.604265487607 -1.11047212458 -0.612221557488 0.793271696859
27.87787787787788 0.545462735157 -1.23713351505 -0.569629787087 0.906820507618
27.92792792792793 0.480651879433 -1.35040245409 -0.521643970662 1.00867441934
27.97797797797798 0.4105242243 -1.44948091094 -0.468869206162 1.09807934749
28.02802802802803 0.335805140562 -1.53379818933 -0.411943226144 1.1744798054
28.07807807807808 0.257243721695 -1.6029700873 -0.351527242527 1.23748756492
28.12812812812813 0.175604525488 -1.65675572041 -0.288298414256 1.28684804007
28.17817817817818 0.0916614793319 -1.69501475565 -0.222944006524 1.32240656494
28.22822822822823 0.00619380946174 -1.71766981532 -0.156157155333 1.34407842414
28.27827827827828 -0.0800163577345 -1.7246771189 -0.0886339723129 1.35182511696
28.32832832832833 -0.166185050087 -1.71600944963 -0.0210717484834 1.34564012817
28.37837837837838 -0.251527276355 -1.69164946937 0.0458326259201 1.32554277269
28.42842842842843 -0.33525753586 -1.65159794015 0.11138393975 1.291583632
28.47847847847848 -0.416591223081 -1.59589359222 0.174890591638 1.24385911758
28.52852852852853 -0.494747246774 -1.52464423002 0.235667421155 1.18253479749
28.57857857857858 -0.568952463035 -1.438065997 0.293039907145 1.10787506765
28.62862862862863 -0.63844817968 -1.33652795568 0.346349932693 1.02027691126
28.67867867867868 -0.702498895254 -1.22059641532 0.394963242204 0.920303354438
28.72872872872873 -0.760403257266 -1.09107580734 0.438278566426 0.80871408892
28.77877877877878 -0.811506828566 -0.94904015765 0.475738092139 0.686488591945
28.82882882882883 -0.855216079838 -0.795850855332 0.506838813029 0.554838388178
28.87887887887888 -0.891012862468 -0.633157167362 0.531144170803 0.415205694305
28.92892892892893 -0.918468442009 -0.462877482222 0.548295263266 0.269246914233
28.97897897897898 -0.937256079079 -0.287160322489 0.558020821566 0.118800293145
29.02902902902903 -0.947161147572 -0.108327529796 0.560145170389 -0.0341603258321
29.07907907907908 -0.948088115191 0.0711960685392 0.554593648037 -0.187582183392
29.12912912912913 -0.940063759224 0.248961845919 0.541395002296 -0.339397031216
29.17917917917918 -0.923236293965 0.42257876067 0.520680518156 -0.48758603643
29.22922922922923 -0.897870561517 0.589789644656 0.492680012099 -0.630240431405
29.27927927927928 -0.864339615525 0.748536556976 0.457714961963 -0.765613331328
29.32932932932933 -0.823113480459 0.897009985086 0.416189400867 -0.892158653879
29.37937937937938 -0.774745816967 1.03367937709 0.368579154906 -1.00855521434
29.42942942942943 -0.719859545712 1.15730373552 0.315420259603 -1.11371505459
29.47947947947948 -0.659132892948 1.26692384174 0.257297718239 -1.20677731328
29.52952952952953 -0.593285349361 1.36183867718 0.194834175711 -1.28708971064
29.57957957957958 -0.523065742711 1.44156988027 0.128680261169 -1.35418073567
29.62962962962963 -0.449242271675 1.5058200216 0.0595064644475 -1.40772713948
29.67967967967968 -0.372594121579 1.55442640102 -0.0120037796041 -1.44751814448
29.72972972972973 -0.2939062429 1.58732021119 -0.0851585369009 -1.47342413264
29.77977977977978 -0.21396552103 1.60449189921 -0.159260773394 -1.48537048969
29.82982982982983 -0.13355837298 1.60596414811 -0.233610705892 -1.48331778299
29.87987987987988 -0.0534695934003 1.5917778788 -0.3075072433 -1.4672524715
29.92992992992993 0.0255184733863 1.5619903735 -0.380249267678 -1.43718743322
29.97997997997998 0.102626949191 1.5166861285 -0.451137150468 -1.39317266861
30.03003003003003 0.177082148336 1.45599794031 -0.519474950828 -1.33531392743
30.08008008008008 0.24811969204 1.38014711898 -0.584574703786 -1.26380839287
30.13013013013013 0.31498780033 1.28946629741 -0.645759902666 -1.1789614041
30.18018018018018 0.37695634691 1.1844583485 -0.70237401415 -1.08123808068
30.23023023023023 0.433324921096 1.06582751776 -0.753787948007 -0.971287482674
30.28028028028028 0.483434253967 0.934516498511 -0.799410410608 -0.849972848672
30.33033033033033 0.526678730058 0.79172916232 -0.83869906094 -0.718389102101
30.38038038038038 0.562519801334 0.638940158156 -0.871172359578 -0.577869306926
30.43043043043043 0.590499165479 0.47788650737 -0.89642111863 -0.429975786658
30.48048048048048 0.610251524072 0.310541310701 -0.914119623765 -0.276476118674
30.53053053053053 0.621515538876 0.139067404132 -0.924035141001 -0.119302255182
30.58058058058058 0.624141570097 -0.0342419376374 -0.926034611055 0.0395011291312
30.63063063063063 0.618096696243 -0.207034478785 -0.920088987108 0.197838555785
30.68068068068068 0.603465532415 -0.376974983863 -0.906273929188 0.353629382564
30.73073073073073 0.580446890545 -0.541818469423 -0.884766892625 0.504871122237
30.78078078078078 0.549349293756 -0.699479043935 -0.855843287958 0.649699145171
30.83083083083083 0.51058012938 -0.848082813043 -0.81986703665 0.786432933067
30.88088088088088 0.464634418043 -0.986005214123 -0.777280808285 0.913609265337
30.93093093093093 0.412081897277 -1.11189019034 -0.728594738968 1.03000011445
30.98098098098098 0.35355324584 -1.22465080964 -0.674374324206 1.13461487389
31.03103103103103 0.289727249369 -1.32345277653 -0.615229040821 1.22668798716
31.08108108108108 0.221318678901 -1.40768591554 -0.551801484269 1.30565628336
31.13113113113113 0.149068063198 -1.47692645959 -0.484758045182 1.37112823745
31.18118118118118 0.0737332035584 -1.53089602459 -0.414781016363 1.42285010561
31.23123123123123 -0.00391694645263 -1.56941935635 -0.342562656656 1.46067054581
31.28128128128128 -0.0831062821335 -1.59238869624 -0.268801049876 1.48451029471
31.33133133133133 -0.163054521077 -1.59973517207 -0.19419685772 1.49433738134
31.38138138138138 -0.242978469828 -1.59141115334 -0.119451551778 1.49015095849
31.43143143143143 -0.322092954907 -1.56738476595 -0.0452660097612 1.47197493506
31.48148148148148 -0.399611714296 -1.5276470962 0.0276607544634 1.43986185777
31.53153153153153 -0.474749003026 -1.47223194948 0.0986333521107 1.39390694519
31.58158158158158 -0.54672246348 -1.40124622082 0.166962690866 1.33427085329
31.63163163163163 -0.614757763438 -1.31490889992 0.231970022135 1.26120951314
31.68168168168168 -0.678095201767 -1.21359350501 0.292992442976 1.17510691221
31.73173173173173 -0.735998337321 -1.0978707605 0.349389976835 1.07650833761
31.78178178178178 -0.787765310804 -0.968552192079 0.400554880005 0.966154680661
31.83183183183183 -0.832741712782 -0.826719253608 0.445922027183 0.845005283221
31.88188188188188 -0.870334076718 -0.673738465538 0.484979789227 0.71424987727
31.93193193193193 -0.900024809604 -0.511263194093 0.517282137607 0.575310086176
31.98198198198198 -0.921385537303 -0.341214394996 0.542459432345 0.429824237901
32.032032032032035 -0.934090059051 -0.165741938958 0.56022892751 0.279616767827
32.08208208208208 -0.937924544141 0.0128334137406 0.570403090867 0.126652165033
32.132132132132135 -0.932794062872 0.192089932467 0.572894999643 -0.0270206704038
32.18218218218218 -0.918725758093 0.369583949586 0.567721064551 -0.179331514825
32.232232232232235 -0.895867912825 0.54293085769 0.555000471356 -0.328253729761
32.28228228228228 -0.864485137436 0.709880679778 0.534951503759 -0.471865140902
32.332332332332335 -0.824949815461 0.868384380345 0.507884847223 -0.608401877868
32.38238238238238 -0.777730863694 1.01664128796 0.474194688885 -0.736297454278
32.432432432432435 -0.723380411126 1.15312964075 0.434348091601 -0.854208682599
32.48248248248248 -0.662519534981 1.27661691658 0.388873532013 -0.961025686219
32.532532532532535 -0.595823918013 1.3861522668 0.338349286771 -1.05586778155
32.58258258258258 -0.524010179694 1.48103913744 0.283392240766 -1.13806367418
32.632632632632635 -0.447824239564 1.56080214475 0.224648238603 -1.2071269806
32.68268268268268 -0.368031133109 1.62514333848 0.162783485453 -1.26272325916
32.732732732732735 -0.285407341641 1.67389703037 0.0984778618995 -1.3046357957
32.78278278278278 -0.200735214563 1.70698726787 0.0324198204751 -1.33273330096
32.832832832832835 -0.114799425328 1.72439182575 -0.0346971713492 -1.34694263634
32.88288288288288 -0.0283850166016 1.72611578443 -0.102176987148 -1.34722899693
32.932932932932935 0.0577236293348 1.71217728599 -0.169322518772 -1.33358559604
32.98298298298298 0.142743271457 1.68260534198 -0.235436962905 -1.30603274103
33.033033033033036 0.225892617898 1.6374513654 -0.299825407366 -1.26462765541
33.08308308308308 0.306393969755 1.57681224474 -0.361797095164 -1.20948305589
33.133133133133136 0.383476271433 1.50086341473 -0.420668816593 -1.1407936343
33.18318318318318 0.456380083023 1.40990008445 -0.475769866085 -1.05886881582
33.233233233233236 0.524364628378 1.30438021369 -0.52644857331 -0.964165927195
33.28328328328328 0.586717015783 1.18496748269 -0.572080552164 -0.857323593298
33.333333333333336 0.642763361647 1.05256779619 -0.612078388764 -0.739189281399
33.38338338338338 0.691881904627 0.908356742277 -0.645902860976 -0.610839214273
33.433433433433436 0.733516990685 0.753790795679 -0.673074716026 -0.47358499102
33.48348348348348 0.767192382914 0.590598564802 -0.693185748228 -0.328964068083
33.533533533533536 0.792524895818 0.420757802956 -0.705910090197 -0.178718561636
33.58358358358358 0.809235626798 0.246449980792 -0.711013378376 -0.0247561674761
33.633633633633636 0.817158753874 0.0699998406088 -0.708359857412 0.130900901603
33.68368368368368 0.816246831582 -0.106197296241 -0.697916544928 0.286176556334
33.733733733733736 0.806572484722 -0.279753436876 -0.679754404349 0.439005371538
33.78378378378378 0.788326034644 -0.448365855753 -0.654046155982 0.587396785686
33.833833833833836 0.761809420283 -0.609887652718 -0.621061042833 0.729493001812
33.88388388388388 0.72742688662 -0.762385485652 -0.581156947977 0.863616219672
33.933933933933936 0.685673097312 -0.904180813947 -0.534770404827 0.988302297393
33.98398398398398 0.6371200802 -1.03387150532 -0.482405664766 1.10231835381
34.034034034034036 0.582402982435 -1.15033581959 -0.424622782895 1.2046660142
34.08408408408408 0.522206176267 -1.25271782714 -0.362025990061 1.2945695831
34.134134134134136 0.457251048614 -1.34040021843 -0.295253446372 1.37145402408
34.18418418418418 0.388284406341 -1.41296576095 -0.224967463292 1.43491380029
34.234234234234236 0.316069766409 -1.4701551377 -0.151847078842 1.48467886664
34.28428428428428 0.24138074959 -1.51182505731 -0.0765823286697 1.52058100103
34.334334334334336 0.164996019684 -1.53790925714 0.000130261284958 1.54252260626
34.38438438438438 0.0876962775881 -1.54838767859 0.0775905336478 1.55045226276
34.434434434434436 0.0102625152812 -1.54326577114 0.155096567 1.54434862822
34.48448448448448 -0.0665249134036 -1.52256628578 0.231945920897 1.52421459349
34.53453453453454 -0.141887346693 -1.48633271429 0.307437021457 1.49008097204
34.58458458458458 -0.215049118193 -1.43464568195 0.380870799268 1.44202077631
34.63463463463464 -0.285240100826 -1.36765017539 0.45155338527 1.38017230874
34.68468468468468 -0.351699764606 -1.28559090632 0.51880007983 1.30476881815
34.73473473473474 -0.413683103879 -1.18885259806 0.581940876412 1.21617203971
34.78478478478478 -0.470468775386 -1.0780025808 0.640327840567 1.11490746792
34.83483483483484 -0.521369164416 -0.953829024576 0.693344062778 1.00169581181
34.88488488488488 -0.565742187637 -0.817371747591 0.740414039951 0.877478111509
34.93493493493494 -0.603004859361 -0.669941829616 0.78101551634 0.743431364638
34.98498498498498 -0.63264656981 -0.513121539802 0.814690997123 0.600967685372
35.03503503503504 -0.654242240834 -0.348748941216 0.84105915149 0.451720566744
35.08508508508508 -0.667464608612 -0.178883833335 0.859825441529 0.297515476556
35.13513513513514 -0.672093988326 -0.00575574862772 0.87079058986 0.140325398306
35.18518518518518 -0.66802520479 0.16830168767 0.873856626839 -0.0177851648475
35.23523523523524 -0.655270906187 0.340925086179 0.869029854255 -0.174723607082
35.28528528528528 -0.633961190867 0.509797803318 0.856420658857 -0.328434674389
35.33533533533534 -0.604339406066 0.672722790592 0.83624004411 -0.476963104635
35.38538538538538 -0.566754514323 0.82768527021 0.808793198213 -0.618508017544
35.43543543543544 -0.521650747688 0.972901034823 0.774470692135 -0.751465505837
35.48548548548548 -0.469555182688 1.10684652099 0.733737820475 -0.874456161427
35.53553553553554 -0.411064348135 1.22827032378 0.687123014504 -0.986337148718
35.585585585585584 -0.346830696033 1.33618669263 0.63520601815 -1.08619916845
35.63563563563564 -0.277549826223 1.42985360083 0.57860657666 -1.17335034361
35.685685685685684 -0.203948932673 1.50874088071 0.517974055413 -1.2472915329
35.73573573573574 -0.126777418065 1.57248653365 0.45397874589 -1.3076812736
35.785785785785784 -0.0467994196211 1.62085758589 0.38730476028 -1.35430408775
35.83583583583584 0.0352116294905 1.6537082885 0.318644554334 -1.38703594791
35.885885885885884 0.118476458264 1.67094624331 0.248695112384 -1.40581576768
35.93593593593594 0.202211970344 1.6725076135 0.178155366116 -1.41062383136
35.985985985985984 0.285632277856 1.65834353261 0.107724487908 -1.40146894794
36.03603603603604 0.367949395209 1.62841974402 0.0381005616956 -1.37838605038
36.086086086086084 0.448374224357 1.58272874201 -0.0300208738775 -1.34144369923
36.13613613613614 0.526118437798 1.52131384223 -0.0959488896527 -1.29076108898
36.186186186186184 0.600397829805 1.44430374572 -0.159000289468 -1.22653345525
36.23623623623624 0.670437621439 1.35195457644 -0.218504183709 -1.14906352164
36.286286286286284 0.735479986521 1.24469499504 -0.273808235456 -1.05879552754
36.33633633633634 0.794793812628 1.12316996485 -0.324286596733 -0.956348360449
36.386386386386384 0.847686483465 0.988278781016 -0.369349373557 -0.842544347065
36.43643643643644 0.893517338203 0.841202456161 -0.408453357734 -0.718429850026
36.486486486486484 0.93171217493 0.683415620128 -0.4411135368 -0.585283867175
36.53653653653654 0.961777863195 0.516680487172 -0.466914657997 -0.444612699097
36.586586586586584 0.98331621256 0.343019184154 -0.485522178219 -0.298127784961
36.63663663663664 0.996035759927 0.164668235867 -0.496691565947 -0.147709642072
36.686686686686684 0.999761063092 -0.0159837161735 -0.500275629823 0.00464124972289
36.73673673673674 0.994438497368 -0.196471796738 -0.496229091453 0.156864179794
36.786786786786784 0.98013800286 -0.374336638721 -0.484609973152 0.306902512342
36.83683683683684 0.957050770558 -0.547205755208 -0.465577790099 0.452767723835
36.886886886886884 0.925482991009 -0.712867618129 -0.439388642235 0.592597778213
36.93693693693694 0.88584618647 -0.869332427975 -0.40638761041 0.724705153964
36.986986986986985 0.838645029352 -1.01487615198 -0.366999161016 0.84761185872
37.03703703703704 0.784463258607 -1.14806372601 -0.321716030563 0.960068238079
37.087087087087085 0.72394908735 -1.26775307078 -0.27108767779 1.06105686517
37.13713713713714 0.657800816747 -1.37308083241 -0.215708857121 1.1497822369
37.187187187187185 0.586753561963 -1.46343350041 -0.156209016918 1.22564913785
37.23723723723724 0.511567681009 -1.53840830273 -0.0932429793915 1.2882331204
37.287287287287285 0.433019311745 -1.59776875603 -0.0274832126576 1.33724693247
37.33733733733734 0.351893315288 -1.64139884962 0.0403860818664 1.37250602117
37.387387387387385 0.268978143578 -1.66926340975 0.109673438954 1.39389900664
37.43743743743744 0.185062692314 -1.68137428193 0.17968313122 1.40136289439
37.487487487487485 0.100934608774 -1.6777672752 0.249717120167 1.39486684511
37.53753753753754 0.0173793945756 -1.65849162442 0.31907647594 1.37440589275
37.587587587587585 -0.0648202629717 -1.62361232766 0.387062721587 1.34000483932
37.63763763763764 -0.144885618028 -1.57322510004 0.452979640339 1.29173205497
37.687687687687685 -0.22204403918 -1.50748272059 0.516136007955 1.22972214192
37.73773773773774 -0.295532659337 -1.4266300324 0.575849569305 1.15420518392
37.787787787787785 -0.364604025427 -1.33104508052 0.631452678378 1.06554049182
37.83783783783784 -0.428533834445 -1.22128168162 0.682299630547 0.964250977639
37.887887887887885 -0.486630607688 -1.09810882757 0.727775535722 0.851054413123
37.93793793793794 -0.538247725675 -0.962544546272 0.767307108711 0.72688957755
37.987987987987985 -0.582795975428 -0.815873836309 0.800373700081 0.592928976016
38.03803803803804 -0.61975732398 -0.659654228018 0.826519299974 0.450580967438
38.088088088088085 -0.648698258262 -0.495701691835 0.845364024236 0.301475520613
38.13813813813814 -0.669282006855 -0.326058472896 0.856614553556 0.147434977348
38.188188188188185 -0.681278680202 -0.152942541275 0.860072714114 -0.00957032756351
38.23823823823824 -0.684572422047 0.0213181081895 0.855641455759 -0.167478839089
38.288288288288285 -0.679165148387 0.194356543143 0.843327915703 -0.324198769952
38.33833833833834 -0.665176582486 0.363845563786 0.823243287085 -0.477675152522
38.388388388388385 -0.642840388224 0.527570890315 0.795599381659 -0.6259520825
38.43843843843844 -0.612496891302 0.683495558189 0.760702288773 -0.767227450023
38.488488488488485 -0.574582843876 0.829809822057 0.718943519809 -0.899895450105
38.53853853853854 -0.529619164478 0.964963555026 0.670789422253 -1.02257440794
38.588588588588586 -0.478197533567 1.08768000255 0.616769600891 -1.13411899371
38.63863863863864 -0.420966767848 1.19695117885 0.557465117926 -1.233617073
38.688688688688686 -0.358619748854 1.29201983319 0.493497126543 -1.32037530318
38.73873873873874 -0.291881641498 1.37234317594 0.425516538101 -1.39388941957
38.788788788788786 -0.221500234934 1.43755793162 0.354195451941 -1.45381552977
38.83883883883884 -0.148237889377 1.48743639211 0.280219894125 -1.4999337484
38.888888888888886 -0.0728658041131 1.52184631351 0.204284486128 -1.53211488567
38.93893893893894 0.00383982552957 1.54071614513 0.127088685857 -1.5502913886
38.988988988988986 0.0811001598475 1.54400882485 0.049334279157 -1.55443521262
39.03903903903904 0.158135094973 1.53170763498 -0.0282762952929 -1.54454557353
39.089089089089086 0.234164089914 1.5038131102 -0.105041137476 -1.52064570758
39.13913913913914 0.308407270838 1.4603533682 -0.180260267827 -1.48279065719
39.189189189189186 0.380087271574 1.4014053874 -0.253237580958 -1.43108404791
39.23923923923924 0.448432428098 1.32712709032 -0.323283874746 -1.36570376238
39.289289289289286 0.512681812489 1.23779688918 -0.389721356719 -1.28693378817
39.33933933933934 0.572092368289 1.13385612919 -0.451889847596 -1.19519851205
39.389389389389386 0.625948043192 1.01595072152 -0.509154600394 -1.09109643068
39.43943943943944 0.673571017008 0.884967784652 -0.560915816667 -0.975429870874
39.489489489489486 0.714334486195 0.742062055933 -0.606619426003 -0.84922642587
39.53953953953954 0.747676434228 0.588667667754 -0.645768665576 -0.713748491163
39.589589589589586 0.773113545215 0.426493622205 -0.677935773469 -0.570489506558
39.63963963963964 0.790254467227 0.257497450173 -0.70277314669 -0.421152356636
39.689689689689686 0.798811195507 0.083843844595 -0.72002295832 -0.267615405603
39.73973973973974 0.798608013841 -0.0921552807532 -0.729524766797 -0.111883203107
39.789789789789786 0.789587092914 -0.268112615405 -0.73122037226 0.0439727496881
39.83983983983984 0.771810392368 -0.441642691015 -0.725155618824 0.197877960996
39.889889889889886 0.745457578755 -0.610439938073 -0.711478889691 0.34781992894
39.93993993993994 0.71082023414 -0.772349609186 -0.690436502525 0.491907661834
39.989989989989986 0.668292741622 -0.925426285764 -0.662365300924 0.628421416596
40.04004004004004 0.618360685902 -1.06797586563 -0.627683111235 0.75584923596
40.090090090090094 0.561587647981 -1.1985789865 -0.586877772039 0.872908528048
40.14014014014014 0.498601262291 -1.31609478088 -0.540495431932 0.978551684584
40.190190190190194 0.430079514176 -1.41964757253 -0.489128919157 1.07195773752
40.24024024024024 0.356738161384 -1.50859895945 -0.433406903139 1.15251192005
40.290290290290294 0.27931975716 -1.58251047349 -0.373984255877 1.21977726867
40.34034034034034 0.198584604753 -1.64110077182 -0.311533895339 1.27346142256
40.390390390390394 0.115304081969 -1.68420180271 -0.246740480212 1.31338213934
40.44044044044044 0.0302559832632 -1.71171899841 -0.180295700216 1.3394356277
40.490490490490494 -0.0557782530079 -1.72360007363 -0.112895079892 1.35157142031
40.54054054054054 -0.142015136516 -1.71981310736 -0.0452357169448 1.34977454265
40.590590590590594 -0.227669921576 -1.70033687848 0.0219852702308 1.33405648625
40.64064064064064 -0.311957105742 -1.66516350139 0.0880718906554 1.30445588887
40.690690690690694 -0.394091457707 -1.61431694024 0.152331186987 1.26105375545
40.74074074074074 -0.473290300012 -1.54787928817 0.214075656934 1.20399151051
40.790790790790794 -0.548777192177 -1.46602701102 0.272626842474 1.13349847649
40.84084084084084 -0.619787855273 -1.36907631648 0.327320758347 1.0499266596
40.890890890890894 -0.685578346349 -1.25752788882 0.377514891426 0.953784368656
40.94094094094094 -0.745435177547 -1.13210769433 0.422596616159 0.845766668412
40.990990990990994 -0.79868756838 -0.993802905964 0.461993328094 0.726782203563
41.04104104104104 -0.844721039394 -0.843884385317 0.495183488064 0.597969173731
41.091091091091094 -0.882992479072 -0.683914008865 0.521708765938 0.460699280667
41.14114114114114 -0.913043647835 -0.515729815623 0.541184824309 0.316564420927
41.191191191191194 -0.934514612324 -0.341414462076 0.553312005961 0.167350149934
41.24124124124124 -0.947154828707 -0.163243952258 0.557884072144 0.0149937854207
41.291291291291294 -0.950831039887 0.0163801133028 0.554794360933 -0.138470252753
41.34134134134134 -0.945531821764 0.195006757711 0.544039251919 -0.290971582552
41.391391391391394 -0.931367896717 0.370217621619 0.525718241806 -0.440469274751
41.44144144144144 -0.908568583333 0.539705190615 0.500030945242 -0.58501407661
41.491491491491495 -0.877474391824 0.701342600775 0.46727103175 -0.72280377023
41.54154154154154 -0.838526676666 0.853238309788 0.427817834444 -0.852226442922
41.591591591591595 -0.792254774685 0.993772438371 0.382125968665 -0.971889176516
41.64164164164164 -0.739261846633 1.1216136718 0.330713927703 -1.08063135476
41.691691691691695 -0.680210484907 1.23571698481 0.274152496804 -1.1775228669
41.74174174174174 -0.61580880514 1.33530422829 0.213053546864 -1.26184886355
41.791791791791795 -0.54679782882 1.41983205295 0.148059839538 -1.33308465023
41.84184184184184 -0.473940785367 1.48895097962 0.0798363323452 -1.39086378076
41.891891891891895 -0.398014331438 1.54246157147 0.00906297407929 -1.43494406061
41.94194194194194 -0.319802309194 1.58027068223 -0.0635705357302 -1.46517389624
41.991991991991995 -0.240091474282 1.60235376741 -0.137368481889 -1.48146368986
42.04204204204204 -0.159668659182 1.60872600629 -0.211631799325 -1.48376445505
42.092092092092095 -0.0793193511797 1.59942374626 -0.285659699434 -1.47205486953
42.14214214214214 0.000173177730263 1.5744988958 -0.358750951389 -1.44633883595
42.192192192192195 0.0780287525944 1.53402583123 -0.430205287034 -1.40665297819
42.24224224224224 0.153471863844 1.47812059962 -0.499325436791 -1.35308413491
42.292292292292295 0.225734433233 1.40697023303 -0.56542023872 -1.28579469304
42.34234234234234 0.294060325598 1.32087056117 -0.627809227108 -1.2050548769
42.392392392392395 0.357711755837 1.22026703659 -0.685828846859 -1.11127651975
42.44244244244244 0.41597791601 1.10579668822 -0.738840479426 -1.005047731
42.492492492492495 0.468185402889 0.978324442385 -0.78623993757 -0.887162356118
42.54254254254254 0.513710336448 0.838970750475 -0.827468328297 -0.758641769774
42.592592592592595 0.551991684367 0.689125961673 -0.862023856027 -0.620745286019
42.64264264264264 0.582544767426 0.530447394109 -0.889473682042 -0.474965882033
42.692692692692695 0.604974099558 0.364838217019 -0.909465131282 -0.323010566389
42.74274274274274 0.618984783732 0.194408193838 -0.921735593382 -0.166765482932
42.792792792792795 0.624391656744 0.021417148537 -0.926120439831 -0.00824648119173
42.84284284284284 0.621124988842 -0.151793036409 -0.922557943728 0.150459857676
42.892892892892895 0.609232720961 -0.322873420094 -0.911091203158 0.307261063012
42.94294294294294 0.588878964826 -0.489543201609 -0.891866835031 0.46012375102
42.992992992992995 0.560338788301 -0.649660523557 -0.865130456322 0.607134934863
43.04304304304304 0.523989750009 -0.801280335561 -0.831219343645 0.746552435929
43.093093093093096 0.480300889981 -0.942697399585 -0.790552864459 0.876842831079
43.14314314314314 0.429820038589 -1.07247076113 -0.743621404915 0.996703793052
43.193193193193196 0.373160421263 -1.18943128958 -0.690974626108 1.10507213366
43.24324324324324 0.310987049286 -1.29266755855 -0.633209437065 1.20111349925
43.293293293293296 0.244004689006 -1.38150334971 -0.570959249161 1.28420480995
43.34334334334334 0.172946764785 -1.45546134855 -0.504883936303 1.35390480538
43.393393393393396 0.0985664811327 -1.51422230652 -0.435661621936 1.40992043122
43.44344344344344 0.02162993144 -1.55758323643 -0.363982108763 1.45207198064
43.493493493493496 -0.0570887275481 -1.58541908363 -0.290542043245 1.48026070589
43.54354354354354 -0.136810353557 -1.59765158557 -0.216041569721 1.49444199144
43.593593593593596 -0.21675260974 -1.59422813586 -0.141182111147 1.49460644885
43.64364364364364 -0.296130937335 -1.57511218683 -0.0666649049332 1.48077023913
43.693693693693696 -0.374159393818 -1.54028662755 0.00681025386007 1.45297587276
43.74374374374374 -0.450052008845 -1.48976992994 0.0785465974823 1.41130333255
43.793793793793796 -0.523025121938 -1.42364257541 0.147852654096 1.35588966439
43.84384384384384 -0.592301412506 -1.34208397723 0.214045820378 1.28695706841
43.893893893893896 -0.657115877742 -1.24541463332 0.276457410384 1.2048454575
43.94394394394394 -0.716724008388 -1.13414043411 0.334439414256 1.1100469598
43.993993993993996 -0.77041216648 -1.00899432919 0.387372977337 1.00323855174
44.04404404404404 -0.817509752303 -0.870970042776 0.434678280447 0.885308581046
44.094094094094096 -0.857402764896 -0.721343890071 0.475825519146 0.757374004229
44.14414414414414 -0.889548629904 -0.561681348728 0.510346895498 0.620785631717
44.194194194194196 -0.913490123381 -0.393822989536 0.537847885371 0.477117063377
44.24424424424424 -0.928868180242 -0.219851363293 0.558017626565 0.328138502507
44.294294294294296 -0.935433080875 -0.0420402048757 0.57063802885 0.175776456688
44.34434434434434 -0.933052284173 0.137212928021 0.57559021758 0.0220601546123
44.394394394394396 -0.921714763745 0.315463278041 0.572858189681 -0.130939591279
44.44444444444444 -0.901531347618 0.490300134112 0.562529276781 -0.281175443868
44.4944944944945 -0.872731029938 0.659425068794 0.544791375002 -0.426686497655
44.54454454454454 -0.835653562841 0.820720931745 0.519927172178 -0.565654187871
44.5945945945946 -0.790738905379 0.972305974742 0.488305814902 -0.69644667107
44.64464464464464 -0.738514661831 1.11256981545 0.450372906043 -0.817648986217
44.6946946946947 -0.679581675914 1.24019045705 0.406638949766 -0.928078408307
44.74474474474474 -0.614599873937 1.35413053934 0.357667900963 -1.0267833303
44.7947947947948 -0.544274341844 1.45361792704 0.304065806612 -1.11302978662
44.84484484484484 -0.469342881441 1.5381126273 0.246470522717 -1.18627706103
44.8948948948949 -0.390565267417 1.60726610522 0.185542698851 -1.24614717663
44.94494494494494 -0.308714907551 1.66087565528 0.121958570938 -1.29239031657
44.994994994995 -0.224572621663 1.69884096951 0.0564043663201 -1.32485184612
45.04504504504504 -0.138922491469 1.72112565993 -0.0104277194133 -1.34344310328
45.0950950950951 -0.0525494663778 1.72772761475 -0.0778422162945 -1.34811903871
45.14514514514514 0.0337618004013 1.71866099232 -0.14514215194 -1.3388649306
45.1951951951952 0.119227657146 1.69394986388 -0.211630501656 -1.3156921856
45.24524524524524 0.203066032405 1.65363579791 -0.276611582207 -1.27864500608
45.2952952952953 0.284497744599 1.59779735262 -0.339393044108 -1.2278163066
45.34534534534534 0.362749097872 1.52658081074 -0.399288916322 -1.16337230338
45.3953953953954 0.437056285965 1.44023900085 -0.455624076254 -1.08558320886
45.44544544544544 0.506671493834 1.33917277816 -0.507740024444 -0.994855727258
45.4954954954955 0.570871831943 1.22397771317 -0.555002972926 -0.891769237942
45.545545545545544 0.628969797019 1.09548074245 -0.596812968131 -0.777103620185
45.5955955955956 0.680325731399 0.954771130054 -0.632614603066 -0.651862116214
45.645645645645644 0.724361440294 0.803216802759 -0.661908531282 -0.517282145132
45.6956956956957 0.760574199436 0.642463822074 -0.684263173748 -0.374832377043
45.745745745745744 0.78855028117 0.474416958032 -0.699325911854 -0.226194509079
45.7957957957958 0.807976998828 0.301200575574 -0.706832954836 -0.0732292261985
45.845845845845844 0.818652336837 0.125102707884 -0.706617142607 0.0820712358792
45.8958958958959 0.820491440476 -0.0514942159898 -0.698613103732 0.23764102473
45.945945945945944 0.813529489828 -0.226190340269 -0.682859404262 0.391404511925
45.995995995996 0.797920548992 -0.396647298588 -0.659497366834 0.541341344154
46.046046046046044 0.773932634319 -0.560661720885 -0.62876678131 0.685546786704
46.0960960960961 0.741939324603 -0.716227464384 -0.590998781416 0.822282637561
46.146146146146144 0.702408565942 -0.861582504823 -0.546606426926 0.950015492753
46.1961961961962 0.655889942529 -0.99523658688 -0.496074043232 1.06743925945
46.246246246246244 0.603000512608 -1.11598082426 -0.439945381517 1.17348295869
46.2962962962963 0.544410973941 -1.22287859364 -0.37881205518 1.26730333373
46.346346346346344 0.480832668274 -1.31524182138 -0.313302656333 1.34826564184
46.3963963963964 0.413005745349 -1.39259549349 -0.244072801756 1.41591496137
46.446446446446444 0.341689433092 -1.45463571036 -0.171796882695 1.46994235386
46.4964964964965 0.267655068415 -1.50118792975 -0.09716205866 1.51015128458
46.546546546546544 0.191680275949 -1.53216606408 -0.0208631429826 1.53642487489
46.5965965965966 0.114545492762 -1.54753895053 0.0564006238851 1.54869925192
46.646646646646644 0.0370318598671 -1.5473062849 0.133927724627 1.54694470744
46.6966966966967 -0.0400799491288 -1.53148609392 0.211015791497 1.53115633961
46.746746746746744 -0.116010587764 -1.50011462182 0.286962823053 1.50135486839
46.7967967967968 -0.189983219059 -1.45325903509 0.361068711585 1.45759793108
46.846846846846844 -0.261225704371 -1.39104185588 0.432637647668 1.40000102024
46.8968968968969 -0.328973969415 -1.31367226965 0.500981494858 1.32876361074
46.946946946946944 -0.392477321641 -1.22148600227 0.565424815546 1.24420256434
46.996996996997 -0.451006085577 -1.11498985936 0.625311860644 1.14678930659
47.047047047047045 -0.503861142242 -0.994900335046 0.680015097475 1.03718144212
47.0970970970971 -0.550384984495 -0.862175973702 0.728944956982 0.916249155011
47.147147147147145 -0.589974689686 -0.718041251285 0.771561195223 0.785094546758
47.1971971971972 -0.622095403691 -0.563994030576 0.807384621372 0.645057040706
47.247247247247245 -0.646294284105 -0.401795687779 0.836009184906 0.497704229809
47.2972972972973 -0.662212318618 -0.233441213657 0.857112202042 0.344805996078
47.347347347347345 -0.669595349379 -0.061113293498 0.870463912816 0.188295097271
47.3973973973974 -0.668301910027 0.112879656117 0.875934300995 0.0302142645314
47.447447447447445 -0.658307692484 0.286175722874 0.873497040697 -0.127345440647
47.4974974974975 -0.639706363274 0.456435862048 0.863230324419 -0.282309915866
47.547547547547545 -0.61270651889 0.62141864516 0.845314384684 -0.432686190926
47.5975975975976 -0.577625095633 0.779046824843 0.820025961487 -0.576620007702
47.647647647647645 -0.534877712397 0.927460140575 0.78773010079 -0.712442131839
47.6976976976977 -0.484966763857 1.06505160654 0.748869958722 -0.838701045647
47.747747747747745 -0.428468576869 1.19048434759 0.703955714597 -0.954179396682
47.7977977977978 -0.366019557144 1.30269120701 0.653552504053 -1.05789614211
47.847847847847845 -0.298303079205 1.40085726473 0.598268859194 -1.14909420745
47.8978978978979 -0.226037704055 1.48438988563 0.538746159078 -1.22721743609
47.947947947947945 -0.149966703618 1.5528793523 0.475649056855 -1.29187935951
47.997997997998 -0.070850020188 1.60605637771 0.409657885954 -1.3428288109
48.048048048048045 0.0105413148653 1.64375188684 0.341463110305 -1.37991681229
48.0980980980981 0.0934296040953 1.6658597015 0.271760681797 -1.40306543177
48.148148148148145 0.177032780617 1.67230881143 0.201249213286 -1.41224390983
48.1981981981982 0.26056574571 1.6630461131 0.130628001209 -1.40745294664
48.248248248248245 0.343241064952 1.63803187859 0.06059566427 -1.38871898254
48.2982982982983 0.424269792767 1.59724797433 -0.00815121556791 -1.35609857927
48.348348348348345 0.502863034585 1.54071874788 -0.0749199284225 -1.30969288067
48.3983983983984 0.578234808155 1.46854241408 -0.139024398649 -1.24967048123
48.448448448448445 0.64960679247 1.38093165184 -0.199789371856 -1.17629770998
48.4984984984985 0.716214991425 1.27825628855 -0.256555937147 -1.08997062231
48.548548548548546 0.777318616123 1.16108791246 -0.30868879907 -0.991248808781
48.5985985985986 0.832211810692 1.03024471647 -0.355585828854 -0.880889600244
48.648648648648646 0.880236288877 0.886818290291 -0.39668804727 -0.759868052459
48.6986986986987 0.920795620892 0.732191252171 -0.431490990548 -0.629390026586
48.748748748748746 0.953370000596 0.568037588614 -0.459556431684 -0.490891864485
48.7987987987988 0.97753001692 0.396302785468 -0.480523255353 -0.346024324726
48.848848848848846 0.992949875258 0.219163210549 -0.494117894308 -0.196620334005
48.8988988988989 0.999417308631 0.0389679825965 -0.500162149287 -0.0446491178089
48.948948948948946 0.996840464069 -0.141833202809 -0.498578624012 0.107840625313
48.998998998999 0.985250916332 -0.320770610525 -0.489393113626 0.258784086702
49.049049049049046 0.964802605434 -0.495436479382 -0.472733785865 0.406164882161
49.0990990990991 0.935766880803 -0.663561502472 -0.4488272972 0.548075296671
49.149149149149146 0.89852369736 -0.823082215083 -0.417991875642 0.682769491633
49.1991991991992 0.853550153811 -0.972188336635 -0.380628298377 0.80870109215
49.249249249249246 0.801406914978 -1.10935354704 -0.337209184064 0.924547910989
49.2992992992993 0.742723695903 -1.23334520536 -0.288267516181 1.02922029605
49.349349349349346 0.678184716196 -1.34321698612 -0.234385106782 1.12185620259
49.3993993993994 0.608514816345 -1.43828043982 -0.176181524543 1.20179990903
49.449449449449446 0.534467641863 -1.51807190182 -0.114304600937 1.26857715939
49.4994994994995 0.456815292546 -1.58230793673 -0.0494220211964 1.32186148
49.549549549549546 0.376340512308 -1.63084006423 0.0177851565066 1.36144008127
49.5995995995996 0.293830994087 -1.66361204977 0.0866273988913 1.38718188354
49.649649649649646 0.210075706469 -1.68062387287 0.156410088213 1.39901093366
49.6996996996997 0.125862805378 -1.68190533728 0.226435756832 1.39688752325
49.749749749749746 0.041978493406 -1.66750178191 0.296005680658 1.38079892955
49.7997997997998 -0.0407935940116 -1.63747193659 0.364421133219 1.35075971911
49.849849849849846 -0.121673289904 -1.59189911429 0.430984989725 1.30682260477
49.8998998998999 -0.199885700335 -1.53091451208 0.495004162178 1.24909878306
49.949949949949946 -0.27466448024 -1.45473065892 0.555793260313 1.17778615246
50.0 -0.345256546763 -1.36367839832 0.612679423558 1.09319936071
